2000000287 0 0
2000000324 1 0
2000010287 0 0
2000010324 1 0
2000020287 0 0
2000020324 1 0
2000030287 0 0
2000030324 1 0
2000040287 0 0
2000040324 1 0
2000050287 0 0
2000050324 1 0
2000060287 0 0
2000060324 1 0
2000070287 0 0
2000070324 1 0
2000080287 0 0
2000080324 1 0
2000090287 0 0
2000090324 1 0
2000100287 0 0
2000100324 1 0
2000110287 0 0
2000110324 1 0
2000120287 0 0
2000120324 1 0
2000130287 0 0
2000130324 1 0
2000140287 0 0
2000140324 1 0
2000150287 0 0
2000150324 1 0
2000160287 0 0
2000160324 1 0
2000170287 0 0
2000170324 1 0
2000180287 0 0
2000180324 1 0
2000190287 0 0
2000190324 1 0
2000200287 0 0
2000200324 1 0
2000210287 0 0
2000210324 1 0
2000220287 0 0
2000220324 1 0
2000230287 0 0
2000230324 1 0
2000240287 0 0
2000240324 1 0
2000250287 0 0
2000250324 1 0
2000260287 0 0
2000260324 1 0
2000270287 0 0
2000270324 1 0
2000280287 0 0
2000280324 1 0
2000290287 0 0
2000290324 1 0
2000300287 0 0
2000300324 1 0
2000310287 0 0
2000310324 1 0
2000320287 0 0
2000320324 1 0
2000330287 0 0
2000330324 1 0
2000340287 0 0
2000340324 1 0
2000350287 0 0
2000350324 1 0
2000360287 0 0
2000360324 1 0
2000370287 0 0
2000370324 1 0
2000380287 0 0
2000380324 1 0
2000390287 0 0
2000390324 1 0
2000400287 0 0
2000400324 1 0
2000410287 0 0
2000410324 1 0
2000420287 0 0
2000420324 1 0
2000430287 0 0
2000430324 1 0
2000440287 0 0
2000440324 1 0
2000450287 0 0
2000450324 1 0
2000460287 0 0
2000460324 1 0
2000470287 0 0
2000470324 1 0
2000480287 0 0
2000480324 1 0
2000490287 0 0
2000490324 1 0
2000500287 0 0
2000500324 1 0
2000510287 0 0
2000510324 1 0
2000520287 0 0
2000520324 1 0
2000530287 0 0
2000530324 1 0
2000540287 0 0
2000540324 1 0
2000550287 0 0
2000550324 1 0
2000560287 0 0
2000560324 1 0
2000570287 0 0
2000570324 1 0
2000580287 0 0
2000580324 1 0
2000590287 0 0
2000590324 1 0
2000600287 0 0
2000600324 1 0
2000610287 0 0
2000610324 1 0
2000620287 0 0
2000620324 1 0
2000630287 0 0
2000630324 1 0
2000640287 0 0
2000640324 1 0
2000650287 0 0
2000650324 1 0
2000660287 0 0
2000660324 1 0
2000670287 0 0
2000670324 1 0
2000680287 0 0
2000680324 1 0
2000690287 0 0
2000690324 1 0
2000700287 0 0
2000700324 1 0
2000710287 0 0
2000710324 1 0
2000720287 0 0
2000720324 1 0
2000730287 0 0
2000730324 1 0
2000740287 0 0
2000740324 1 0
2000750287 0 0
2000750324 1 0
2000760287 0 0
2000760324 1 0
2000770287 0 0
2000770324 1 0
2000780287 0 0
2000780324 1 0
2000790287 0 0
2000790324 1 0
2000800287 0 0
2000800324 1 0
2000810287 0 0
2000810324 1 0
2000820287 0 20000
2000820324 1 20000
2000830287 0 61000
2000830324 1 60000
2000840287 0 60000
2000840324 1 60000
2000850287 0 60000
2000850324 1 61000
2000860287 0 60000
2000860324 1 60000
2000870287 0 60000
2000870324 1 60000
2000880287 0 61000
2000880324 1 60000
2000890287 0 60000
2000890324 1 61000
2000900287 0 60000
2000900324 1 60000
2000910287 0 60000
2000910324 1 60000
2000920287 0 61000
2000920324 1 60000
2000930287 0 60000
2000930324 1 61000
2000940287 0 60000
2000940324 1 60000
2000950287 0 60000
2000950324 1 60000
2000960287 0 61000
2000960324 1 60000
2000970287 0 60000
2000970324 1 61000
2000980287 0 60000
2000980324 1 60000
2000990287 0 60000
2000990324 1 60000
2001000287 0 61000
2001000324 1 60000
2001010287 0 60000
2001010324 1 61000
2001020287 0 60000
2001020324 1 60000
2001030287 0 60000
2001030324 1 60000
2001040287 0 61000
2001040324 1 60000
2001050287 0 60000
2001050324 1 61000
2001060287 0 60000
2001060324 1 60000
2001070287 0 60000
2001070324 1 60000
2001080287 0 61000
2001080324 1 60000
2001090287 0 60000
2001090324 1 61000
2001100287 0 60000
2001100324 1 60000
2001110287 0 60000
2001110324 1 60000
2001120287 0 61000
2001120324 1 60000
2001130287 0 60000
2001130324 1 60000
2001140287 0 60000
2001140324 1 61000
2001150287 0 60000
2001150324 1 60000
2001160287 0 60000
2001160324 1 60000
2001170287 0 61000
2001170324 1 60000
2001180287 0 60000
2001180324 1 61000
2001190287 0 60000
2001190324 1 60000
2001200287 0 60000
2001200324 1 60000
2001210287 0 61000
2001210324 1 60000
2001220287 0 60000
2001220324 1 61000
2001230287 0 60000
2001230324 1 60000
2001240287 0 60000
2001240324 1 60000
2001250287 0 61000
2001250324 1 60000
2001260287 0 60000
2001260324 1 61000
2001270287 0 60000
2001270324 1 60000
2001280287 0 60000
2001280324 1 60000
2001290287 0 61000
2001290324 1 60000
2001300287 0 60000
2001300324 1 61000
2001310287 0 60000
2001310324 1 60000
2001320287 0 60000
2001320324 1 60000
2001330287 0 61000
2001330324 1 60000
2001340287 0 60000
2001340324 1 61000
2001350287 0 60000
2001350324 1 60000
2001360287 0 60000
2001360324 1 60000
2001370287 0 61000
2001370324 1 60000
2001380287 0 60000
2001380324 1 60000
2001390287 0 60000
2001390324 1 61000
2001400287 0 60000
2001400324 1 60000
2001410287 0 60000
2001410324 1 60000
2001420287 0 61000
2001420324 1 60000
2001430287 0 60000
2001430324 1 61000
2001440287 0 60000
2001440324 1 60000
2001450287 0 60000
2001450324 1 60000
2001460287 0 61000
2001460324 1 60000
2001470287 0 60000
2001470324 1 61000
2001480287 0 60000
2001480324 1 60000
2001490287 0 60000
2001490324 1 60000
2001500287 0 61000
2001500324 1 60000
2001510287 0 60000
2001510324 1 61000
2001520287 0 60000
2001520324 1 60000
2001530287 0 60000
2001530324 1 60000
2001540287 0 61000
2001540324 1 60000
2001550287 0 60000
2001550324 1 61000
2001560287 0 60000
2001560324 1 60000
2001570287 0 60000
2001570324 1 60000
2001580287 0 61000
2001580324 1 60000
2001590287 0 60000
2001590324 1 61000
2001600287 0 60000
2001600324 1 60000
2001610287 0 60000
2001610324 1 60000
2001620287 0 61000
2001620324 1 60000
2001630287 0 60000
2001630324 1 61000
2001640287 0 60000
2001640324 1 60000
2001650287 0 60000
2001650324 1 60000
2001660287 0 61000
2001660324 1 60000
2001670287 0 60000
2001670324 1 60000
2001680287 0 60000
2001680324 1 61000
2001690287 0 60000
2001690324 1 60000
2001700287 0 60000
2001700324 1 60000
2001710287 0 61000
2001710324 1 60000
2001720287 0 60000
2001720324 1 61000
2001730287 0 60000
2001730324 1 60000
2001740287 0 60000
2001740324 1 60000
2001750287 0 61000
2001750324 1 60000
2001760287 0 60000
2001760324 1 61000
2001770287 0 60000
2001770324 1 60000
2001780287 0 60000
2001780324 1 60000
2001790287 0 61000
2001790324 1 60000
2001800287 0 60000
2001800324 1 61000
2001810287 0 60000
2001810324 1 60000
2001820287 0 60000
2001820324 1 60000
2001830287 0 61000
2001830324 1 60000
2001840287 0 60000
2001840324 1 61000
2001850287 0 60000
2001850324 1 60000
2001860287 0 60000
2001860324 1 60000
2001870287 0 61000
2001870324 1 60000
2001880287 0 60000
2001880324 1 61000
2001890287 0 60000
2001890324 1 60000
2001900287 0 60000
2001900324 1 60000
2001910287 0 61000
2001910324 1 60000
2001920287 0 60000
2001920324 1 61000
2001930287 0 60000
2001930324 1 60000
2001940287 0 60000
2001940324 1 60000
2001950287 0 61000
2001950324 1 60000
2001960287 0 60000
2001960324 1 60000
2001970287 0 60000
2001970324 1 61000
2001980287 0 60000
2001980324 1 60000
2001990287 0 60000
2001990324 1 60000
2002000287 0 61000
2002000324 1 60000
2002010287 0 60000
2002010324 1 61000
2002020287 0 60000
2002020324 1 60000
2002030287 0 60000
2002030324 1 60000
2002040287 0 61000
2002040324 1 60000
2002050287 0 60000
2002050324 1 61000
2002060287 0 60000
2002060324 1 60000
2002070287 0 60000
2002070324 1 60000
2002080287 0 61000
2002080324 1 60000
2002090287 0 60000
2002090324 1 61000
2002100287 0 60000
2002100324 1 60000
2002110287 0 60000
2002110324 1 60000
2002120287 0 61000
2002120324 1 60000
2002130287 0 60000
2002130324 1 61000
2002140287 0 60000
2002140324 1 60000
2002150287 0 60000
2002150324 1 60000
2002160287 0 61000
2002160324 1 60000
2002170287 0 60000
2002170324 1 61000
2002180287 0 60000
2002180324 1 60000
2002190287 0 60000
2002190324 1 60000
2002200287 0 61000
2002200324 1 60000
2002210287 0 60000
2002210324 1 60000
2002220287 0 60000
2002220324 1 61000
2002230287 0 60000
2002230324 1 60000
2002240287 0 60000
2002240324 1 60000
2002250287 0 61000
2002250324 1 60000
2002260287 0 60000
2002260324 1 61000
2002270287 0 60000
2002270324 1 60000
2002280287 0 60000
2002280324 1 60000
2002290287 0 61000
2002290324 1 60000
2002300287 0 60000
2002300324 1 61000
2002310287 0 60000
2002310324 1 60000
2002320287 0 60000
2002320324 1 60000
2002330287 0 61000
2002330324 1 60000
2002340287 0 60000
2002340324 1 61000
2002350287 0 60000
2002350324 1 60000
2002360287 0 60000
2002360324 1 60000
2002370287 0 61000
2002370324 1 60000
2002380287 0 60000
2002380324 1 61000
2002390287 0 60000
2002390324 1 60000
2002400287 0 60000
2002400324 1 60000
2002410287 0 61000
2002410324 1 60000
2002420287 0 60000
2002420324 1 61000
2002430287 0 60000
2002430324 1 60000
2002440287 0 60000
2002440324 1 60000
2002450287 0 61000
2002450324 1 60000
2002460287 0 60000
2002460324 1 61000
2002470287 0 60000
2002470324 1 60000
2002480287 0 60000
2002480324 1 60000
2002490287 0 61000
2002490324 1 60000
2002500287 0 60000
2002500324 1 60000
2002510287 0 60000
2002510324 1 61000
2002520287 0 60000
2002520324 1 60000
2002530287 0 57000
2002530324 1 64000
2002540287 0 41000
2002540324 1 79000
2002550287 0 56000
2002550324 1 65000
2002560287 0 61000
2002560324 1 59000
2002570287 0 60000
2002570324 1 61000
2002580287 0 16000
2002580324 1 16000
2002590287 0 1000
2002590324 1 1000
2002600287 0 2000
2002600324 1 1000
2002610287 0 1000
2002610324 1 1000
2002620287 0 1000
2002620324 1 1000
2002630287 0 1000
2002630324 1 2000
2002640287 0 1000
2002640324 1 1000
2002650287 0 2000
2002650324 1 1000
2002660287 0 1000
2002660324 1 1000
2002670287 0 1000
2002670324 1 1000
2002680287 0 1000
2002680324 1 2000
2002690287 0 1000
2002690324 1 1000
2002700287 0 2000
2002700324 1 1000
2002710287 0 1000
2002710324 1 1000
2002720287 0 1000
2002720324 1 1000
2002730287 0 1000
2002730324 1 2000
2002740287 0 1000
2002740324 1 1000
2002750287 0 2000
2002750324 1 1000
2002760287 0 1000
2002760324 1 1000
2002770287 0 1000
2002770324 1 1000
2002780287 0 1000
2002780324 1 2000
2002790287 0 1000
2002790324 1 1000
2002800287 0 2000
2002800324 1 1000
2002810287 0 1000
2002810324 1 1000
2002820287 0 1000
2002820324 1 1000
2002830287 0 1000
2002830324 1 2000
2002840287 0 1000
2002840324 1 1000
2002850287 0 1000
2002850324 1 1000
2002860287 0 2000
2002860324 1 1000
2002870287 0 1000
2002870324 1 1000
2002880287 0 1000
2002880324 1 1000
2002890287 0 1000
2002890324 1 2000
2002900287 0 1000
2002900324 1 1000
2002910287 0 2000
2002910324 1 1000
2002920287 0 1000
2002920324 1 1000
2002930287 0 1000
2002930324 1 1000
2002940287 0 1000
2002940324 1 2000
2002950287 0 1000
2002950324 1 1000
2002960287 0 2000
2002960324 1 1000
2002970287 0 1000
2002970324 1 1000
2002980287 0 1000
2002980324 1 1000
2002990287 0 1000
2002990324 1 2000
2003000287 0 1000
2003000324 1 1000
2003010287 0 2000
2003010324 1 1000
2003020287 0 1000
2003020324 1 1000
2003030287 0 1000
2003030324 1 1000
2003040287 0 1000
2003040324 1 2000
2003050287 0 1000
2003050324 1 1000
2003060287 0 2000
2003060324 1 1000
2003070287 0 1000
2003070324 1 1000
2003080287 0 1000
2003080324 1 1000
2003090287 0 1000
2003090324 1 2000
2003100287 0 1000
2003100324 1 1000
2003110287 0 1000
2003110324 1 1000
2003120287 0 2000
2003120324 1 1000
2003130287 0 1000
2003130324 1 1000
2003140287 0 1000
2003140324 1 2000
2003150287 0 1000
2003150324 1 1000
2003160287 0 1000
2003160324 1 1000
2003170287 0 2000
2003170324 1 1000
2003180287 0 1000
2003180324 1 1000
2003190287 0 1000
2003190324 1 1000
2003200287 0 1000
2003200324 1 2000
2003210287 0 1000
2003210324 1 1000
2003220287 0 2000
2003220324 1 1000
2003230287 0 1000
2003230324 1 1000
2003240287 0 1000
2003240324 1 1000
2003250287 0 1000
2003250324 1 2000
2003260287 0 1000
2003260324 1 1000
2003270287 0 2000
2003270324 1 1000
2003280287 0 1000
2003280324 1 1000
2003290287 0 1000
2003290324 1 1000
2003300287 0 1000
2003300324 1 2000
2003310287 0 1000
2003310324 1 1000
2003320287 0 2000
2003320324 1 1000
2003330287 0 1000
2003330324 1 1000
2003340287 0 1000
2003340324 1 1000
2003350287 0 1000
2003350324 1 2000
2003360287 0 1000
2003360324 1 1000
2003370287 0 2000
2003370324 1 1000
2003380287 0 1000
2003380324 1 1000
2003390287 0 1000
2003390324 1 1000
2003400287 0 1000
2003400324 1 2000
2003410287 0 1000
2003410324 1 1000
2003420287 0 1000
2003420324 1 1000
2003430287 0 2000
2003430324 1 1000
2003440287 0 1000
2003440324 1 1000
2003450287 0 1000
2003450324 1 1000
2003460287 0 1000
2003460324 1 2000
2003470287 0 1000
2003470324 1 1000
2003480287 0 2000
2003480324 1 1000
2003490287 0 1000
2003490324 1 1000
2003500287 0 1000
2003500324 1 1000
2003510287 0 1000
2003510324 1 2000
2003520287 0 1000
2003520324 1 1000
2003530287 0 2000
2003530324 1 1000
2003540287 0 1000
2003540324 1 1000
2003550287 0 1000
2003550324 1 1000
2003560287 0 1000
2003560324 1 2000
2003570287 0 1000
2003570324 1 1000
2003580287 0 2000
2003580324 1 1000
2003590287 0 1000
2003590324 1 1000
2003600287 0 1000
2003600324 1 1000
2003610287 0 1000
2003610324 1 2000
2003620287 0 1000
2003620324 1 1000
2003630287 0 2000
2003630324 1 1000
2003640287 0 11000
2003640324 1 1000
2003650287 0 61000
2003650324 1 1000
2003660287 0 60000
2003660324 1 53000
2003670287 0 60000
2003670324 1 60000
2003680287 0 60000
2003680324 1 60000
2003690287 0 61000
2003690324 1 60000
2003700287 0 60000
2003700324 1 61000
2003710287 0 60000
2003710324 1 60000
2003720287 0 60000
2003720324 1 60000
2003730287 0 61000
2003730324 1 60000
2003740287 0 60000
2003740324 1 61000
2003750287 0 60000
2003750324 1 60000
2003760287 0 60000
2003760324 1 60000
2003770287 0 61000
2003770324 1 60000
2003780287 0 60000
2003780324 1 61000
2003790287 0 60000
2003790324 1 60000
2003800287 0 60000
2003800324 1 60000
2003810287 0 61000
2003810324 1 60000
2003820287 0 60000
2003820324 1 61000
2003830287 0 60000
2003830324 1 60000
2003840287 0 60000
2003840324 1 60000
2003850287 0 61000
2003850324 1 60000
2003860287 0 60000
2003860324 1 61000
2003870287 0 60000
2003870324 1 60000
2003880287 0 60000
2003880324 1 60000
2003890287 0 61000
2003890324 1 60000
2003900287 0 60000
2003900324 1 60000
2003910287 0 60000
2003910324 1 61000
2003920287 0 60000
2003920324 1 60000
2003930287 0 60000
2003930324 1 60000
2003940287 0 69000
2003940324 1 52000
2003950287 0 72000
2003950324 1 48000
2003960287 0 67000
2003960324 1 54000
2003970287 0 60000
2003970324 1 60000
2003980287 0 61000
2003980324 1 60000
2003990287 0 60000
2003990324 1 61000
2004000287 0 60000
2004000324 1 60000
2004010287 0 60000
2004010324 1 60000
2004020287 0 61000
2004020324 1 60000
2004030287 0 60000
2004030324 1 61000
2004040287 0 60000
2004040324 1 60000
2004050287 0 60000
2004050324 1 60000
2004060287 0 61000
2004060324 1 60000
2004070287 0 60000
2004070324 1 61000
2004080287 0 60000
2004080324 1 60000
2004090287 0 60000
2004090324 1 60000
2004100287 0 61000
2004100324 1 60000
2004110287 0 60000
2004110324 1 61000
2004120287 0 60000
2004120324 1 60000
2004130287 0 60000
2004130324 1 60000
2004140287 0 61000
2004140324 1 60000
2004150287 0 60000
2004150324 1 61000
2004160287 0 60000
2004160324 1 60000
2004170287 0 60000
2004170324 1 60000
2004180287 0 61000
2004180324 1 60000
2004190287 0 60000
2004190324 1 60000
2004200287 0 60000
2004200324 1 61000
2004210287 0 60000
2004210324 1 60000
2004220287 0 60000
2004220324 1 60000
2004230287 0 61000
2004230324 1 60000
2004240287 0 60000
2004240324 1 61000
2004250287 0 60000
2004250324 1 60000
2004260287 0 60000
2004260324 1 60000
2004270287 0 61000
2004270324 1 60000
2004280287 0 60000
2004280324 1 61000
2004290287 0 60000
2004290324 1 60000
2004300287 0 60000
2004300324 1 60000
2004310287 0 61000
2004310324 1 60000
2004320287 0 60000
2004320324 1 61000
2004330287 0 60000
2004330324 1 60000
2004340287 0 60000
2004340324 1 60000
2004350287 0 61000
2004350324 1 60000
2004360287 0 60000
2004360324 1 61000
2004370287 0 60000
2004370324 1 60000
2004380287 0 62000
2004380324 1 59000
2004390287 0 65000
2004390324 1 55000
2004400287 0 64000
2004400324 1 56000
2004410287 0 64000
2004410324 1 57000
2004420287 0 60000
2004420324 1 61000
2004430287 0 60000
2004430324 1 60000
2004440287 0 60000
2004440324 1 60000
2004450287 0 61000
2004450324 1 60000
2004460287 0 60000
2004460324 1 60000
2004470287 0 60000
2004470324 1 61000
2004480287 0 60000
2004480324 1 60000
2004490287 0 60000
2004490324 1 60000
2004500287 0 61000
2004500324 1 60000
2004510287 0 60000
2004510324 1 61000
2004520287 0 60000
2004520324 1 60000
2004530287 0 60000
2004530324 1 60000
2004540287 0 61000
2004540324 1 60000
2004550287 0 60000
2004550324 1 61000
2004560287 0 60000
2004560324 1 60000
2004570287 0 60000
2004570324 1 60000
2004580287 0 61000
2004580324 1 60000
2004590287 0 60000
2004590324 1 61000
2004600287 0 60000
2004600324 1 60000
2004610287 0 60000
2004610324 1 60000
2004620287 0 61000
2004620324 1 60000
2004630287 0 60000
2004630324 1 61000
2004640287 0 60000
2004640324 1 60000
2004650287 0 60000
2004650324 1 60000
2004660287 0 61000
2004660324 1 60000
2004670287 0 60000
2004670324 1 61000
2004680287 0 60000
2004680324 1 60000
2004690287 0 60000
2004690324 1 60000
2004700287 0 61000
2004700324 1 60000
2004710287 0 60000
2004710324 1 60000
2004720287 0 60000
2004720324 1 61000
2004730287 0 60000
2004730324 1 60000
2004740287 0 60000
2004740324 1 60000
2004750287 0 61000
2004750324 1 60000
2004760287 0 60000
2004760324 1 61000
2004770287 0 60000
2004770324 1 60000
2004780287 0 60000
2004780324 1 60000
2004790287 0 61000
2004790324 1 60000
2004800287 0 60000
2004800324 1 61000
2004810287 0 60000
2004810324 1 60000
2004820287 0 60000
2004820324 1 60000
2004830287 0 61000
2004830324 1 60000
2004840287 0 60000
2004840324 1 61000
2004850287 0 60000
2004850324 1 60000
2004860287 0 60000
2004860324 1 60000
2004870287 0 61000
2004870324 1 60000
2004880287 0 60000
2004880324 1 61000
2004890287 0 60000
2004890324 1 60000
2004900287 0 60000
2004900324 1 60000
2004910287 0 63000
2004910324 1 58000
2004920287 0 62000
2004920324 1 59000
2004930287 0 62000
2004930324 1 58000
2004940287 0 61000
2004940324 1 60000
2004950287 0 60000
2004950324 1 60000
2004960287 0 60000
2004960324 1 60000
2004970287 0 61000
2004970324 1 60000
2004980287 0 60000
2004980324 1 61000
2004990287 0 60000
2004990324 1 60000
2005000287 0 60000
2005000324 1 60000
2005010287 0 61000
2005010324 1 60000
2005020287 0 60000
2005020324 1 60000
2005030287 0 60000
2005030324 1 61000
2005040287 0 60000
2005040324 1 60000
2005050287 0 60000
2005050324 1 60000
2005060287 0 61000
2005060324 1 60000
2005070287 0 60000
2005070324 1 61000
2005080287 0 60000
2005080324 1 60000
2005090287 0 60000
2005090324 1 60000
2005100287 0 61000
2005100324 1 60000
2005110287 0 60000
2005110324 1 61000
2005120287 0 60000
2005120324 1 60000
2005130287 0 60000
2005130324 1 60000
2005140287 0 61000
2005140324 1 60000
2005150287 0 60000
2005150324 1 61000
2005160287 0 60000
2005160324 1 60000
2005170287 0 60000
2005170324 1 60000
2005180287 0 61000
2005180324 1 60000
2005190287 0 60000
2005190324 1 61000
2005200287 0 60000
2005200324 1 60000
2005210287 0 60000
2005210324 1 60000
2005220287 0 61000
2005220324 1 60000
2005230287 0 60000
2005230324 1 61000
2005240287 0 60000
2005240324 1 60000
2005250287 0 60000
2005250324 1 60000
2005260287 0 61000
2005260324 1 60000
2005270287 0 60000
2005270324 1 60000
2005280287 0 60000
2005280324 1 61000
2005290287 0 60000
2005290324 1 60000
2005300287 0 60000
2005300324 1 60000
2005310287 0 61000
2005310324 1 60000
2005320287 0 60000
2005320324 1 61000
2005330287 0 60000
2005330324 1 60000
2005340287 0 60000
2005340324 1 60000
2005350287 0 61000
2005350324 1 60000
2005360287 0 60000
2005360324 1 61000
2005370287 0 60000
2005370324 1 60000
2005380287 0 60000
2005380324 1 60000
2005390287 0 61000
2005390324 1 60000
2005400287 0 60000
2005400324 1 61000
2005410287 0 60000
2005410324 1 60000
2005420287 0 60000
2005420324 1 60000
2005430287 0 61000
2005430324 1 60000
2005440287 0 60000
2005440324 1 61000
2005450287 0 60000
2005450324 1 60000
2005460287 0 60000
2005460324 1 60000
2005470287 0 62000
2005470324 1 59000
2005480287 0 62000
2005480324 1 59000
2005490287 0 61000
2005490324 1 59000
2005500287 0 62000
2005500324 1 59000
2005510287 0 62000
2005510324 1 58000
2005520287 0 61000
2005520324 1 59000
2005530287 0 62000
2005530324 1 59000
2005540287 0 63000
2005540324 1 57000
2005550287 0 63000
2005550324 1 58000
2005560287 0 63000
2005560324 1 57000
2005570287 0 61000
2005570324 1 59000
2005580287 0 63000
2005580324 1 58000
2005590287 0 62000
2005590324 1 58000
2005600287 0 63000
2005600324 1 58000
2005610287 0 63000
2005610324 1 58000
2005620287 0 62000
2005620324 1 58000
2005630287 0 62000
2005630324 1 59000
2005640287 0 63000
2005640324 1 57000
2005650287 0 63000
2005650324 1 57000
2005660287 0 64000
2005660324 1 57000
2005670287 0 63000
2005670324 1 57000
2005680287 0 64000
2005680324 1 57000
2005690287 0 66000
2005690324 1 55000
2005700287 0 62000
2005700324 1 58000
2005710287 0 28000
2005710324 1 29000
2005720287 0 2000
2005720324 1 1000
2005730287 0 1000
2005730324 1 1000
2005740287 0 1000
2005740324 1 1000
2005750287 0 1000
2005750324 1 2000
2005760287 0 1000
2005760324 1 1000
2005770287 0 2000
2005770324 1 1000
2005780287 0 1000
2005780324 1 1000
2005790287 0 1000
2005790324 1 1000
2005800287 0 1000
2005800324 1 2000
2005810287 0 1000
2005810324 1 1000
2005820287 0 2000
2005820324 1 1000
2005830287 0 1000
2005830324 1 1000
2005840287 0 1000
2005840324 1 1000
2005850287 0 1000
2005850324 1 1000
2005860287 0 1000
2005860324 1 2000
2005870287 0 2000
2005870324 1 1000
2005880287 0 1000
2005880324 1 1000
2005890287 0 1000
2005890324 1 1000
2005900287 0 1000
2005900324 1 1000
2005910287 0 1000
2005910324 1 2000
2005920287 0 2000
2005920324 1 1000
2005930287 0 1000
2005930324 1 1000
2005940287 0 1000
2005940324 1 1000
2005950287 0 1000
2005950324 1 1000
2005960287 0 1000
2005960324 1 2000
2005970287 0 1000
2005970324 1 1000
2005980287 0 2000
2005980324 1 1000
2005990287 0 1000
2005990324 1 1000
2006000287 0 1000
2006000324 1 1000
2006010287 0 1000
2006010324 1 2000
2006020287 0 1000
2006020324 1 1000
2006030287 0 2000
2006030324 1 1000
2006040287 0 1000
2006040324 1 1000
2006050287 0 1000
2006050324 1 1000
2006060287 0 1000
2006060324 1 2000
2006070287 0 1000
2006070324 1 1000
2006080287 0 2000
2006080324 1 1000
2006090287 0 1000
2006090324 1 1000
2006100287 0 1000
2006100324 1 1000
2006110287 0 1000
2006110324 1 2000
2006120287 0 1000
2006120324 1 1000
2006130287 0 2000
2006130324 1 1000
2006140287 0 1000
2006140324 1 1000
2006150287 0 1000
2006150324 1 1000
2006160287 0 1000
2006160324 1 1000
2006170287 0 1000
2006170324 1 2000
2006180287 0 2000
2006180324 1 1000
2006190287 0 1000
2006190324 1 1000
2006200287 0 1000
2006200324 1 1000
2006210287 0 1000
2006210324 1 1000
2006220287 0 1000
2006220324 1 2000
2006230287 0 1000
2006230324 1 1000
2006240287 0 2000
2006240324 1 1000
2006250287 0 1000
2006250324 1 1000
2006260287 0 1000
2006260324 1 1000
2006270287 0 1000
2006270324 1 2000
2006280287 0 1000
2006280324 1 1000
2006290287 0 2000
2006290324 1 1000
2006300287 0 1000
2006300324 1 1000
2006310287 0 1000
2006310324 1 1000
2006320287 0 1000
2006320324 1 2000
2006330287 0 1000
2006330324 1 1000
2006340287 0 2000
2006340324 1 1000
2006350287 0 1000
2006350324 1 1000
2006360287 0 1000
2006360324 1 1000
2006370287 0 1000
2006370324 1 2000
2006380287 0 1000
2006380324 1 1000
2006390287 0 2000
2006390324 1 1000
2006400287 0 1000
2006400324 1 1000
2006410287 0 1000
2006410324 1 1000
2006420287 0 1000
2006420324 1 1000
2006430287 0 1000
2006430324 1 2000
2006440287 0 2000
2006440324 1 1000
2006450287 0 1000
2006450324 1 1000
2006460287 0 1000
2006460324 1 1000
2006470287 0 1000
2006470324 1 1000
2006480287 0 1000
2006480324 1 2000
2006490287 0 2000
2006490324 1 1000
2006500287 0 1000
2006500324 1 1000
2006510287 0 1000
2006510324 1 1000
2006520287 0 1000
2006520324 1 1000
2006530287 0 1000
2006530324 1 2000
2006540287 0 1000
2006540324 1 1000
2006550287 0 2000
2006550324 1 1000
2006560287 0 1000
2006560324 1 1000
2006570287 0 1000
2006570324 1 1000
2006580287 0 1000
2006580324 1 2000
2006590287 0 1000
2006590324 1 1000
2006600287 0 2000
2006600324 1 1000
2006610287 0 1000
2006610324 1 1000
2006620287 0 1000
2006620324 1 1000
2006630287 0 1000
2006630324 1 2000
2006640287 0 1000
2006640324 1 1000
2006650287 0 2000
2006650324 1 1000
2006660287 0 1000
2006660324 1 1000
2006670287 0 1000
2006670324 1 1000
2006680287 0 1000
2006680324 1 1000
2006690287 0 1000
2006690324 1 2000
2006700287 0 2000
2006700324 1 1000
2006710287 0 1000
2006710324 1 1000
2006720287 0 1000
2006720324 1 1000
2006730287 0 1000
2006730324 1 1000
2006740287 0 1000
2006740324 1 2000
2006750287 0 2000
2006750324 1 1000
2006760287 0 1000
2006760324 1 1000
2006770287 0 1000
2006770324 1 1000
2006780287 0 1000
2006780324 1 1000
2006790287 0 1000
2006790324 1 54000
2006800287 0 49000
2006800324 1 56000
2006810287 0 58000
2006810324 1 57000
2006820287 0 58000
2006820324 1 57000
2006830287 0 59000
2006830324 1 57000
2006840287 0 58000
2006840324 1 57000
2006850287 0 59000
2006850324 1 57000
2006860287 0 58000
2006860324 1 56000
2006870287 0 59000
2006870324 1 57000
2006880287 0 58000
2006880324 1 57000
2006890287 0 59000
2006890324 1 57000
2006900287 0 58000
2006900324 1 57000
2006910287 0 59000
2006910324 1 57000
2006920287 0 58000
2006920324 1 56000
2006930287 0 59000
2006930324 1 57000
2006940287 0 58000
2006940324 1 57000
2006950287 0 59000
2006950324 1 56000
2006960287 0 58000
2006960324 1 58000
2006970287 0 59000
2006970324 1 56000
2006980287 0 58000
2006980324 1 57000
2006990287 0 58000
2006990324 1 57000
2007000287 0 59000
2007000324 1 57000
2007010287 0 59000
2007010324 1 56000
2007020287 0 58000
2007020324 1 58000
2007030287 0 59000
2007030324 1 56000
2007040287 0 58000
2007040324 1 57000
2007050287 0 58000
2007050324 1 57000
2007060287 0 59000
2007060324 1 57000
2007070287 0 58000
2007070324 1 56000
2007080287 0 58000
2007080324 1 59000
2007090287 0 54000
2007090324 1 67000
2007100287 0 61000
2007100324 1 59000
2007110287 0 61000
2007110324 1 59000
2007120287 0 62000
2007120324 1 59000
2007130287 0 61000
2007130324 1 59000
2007140287 0 62000
2007140324 1 59000
2007150287 0 61000
2007150324 1 60000
2007160287 0 61000
2007160324 1 59000
2007170287 0 61000
2007170324 1 59000
2007180287 0 62000
2007180324 1 59000
2007190287 0 61000
2007190324 1 60000
2007200287 0 61000
2007200324 1 59000
2007210287 0 61000
2007210324 1 59000
2007220287 0 62000
2007220324 1 59000
2007230287 0 61000
2007230324 1 60000
2007240287 0 62000
2007240324 1 58000
2007250287 0 61000
2007250324 1 60000
2007260287 0 61000
2007260324 1 59000
2007270287 0 61000
2007270324 1 59000
2007280287 0 62000
2007280324 1 59000
2007290287 0 61000
2007290324 1 59000
2007300287 0 61000
2007300324 1 60000
2007310287 0 61000
2007310324 1 59000
2007320287 0 61000
2007320324 1 59000
2007330287 0 62000
2007330324 1 59000
2007340287 0 61000
2007340324 1 60000
2007350287 0 61000
2007350324 1 59000
2007360287 0 61000
2007360324 1 59000
2007370287 0 62000
2007370324 1 59000
2007380287 0 61000
2007380324 1 59000
2007390287 0 62000
2007390324 1 59000
2007400287 0 61000
2007400324 1 60000
2007410287 0 61000
2007410324 1 59000
2007420287 0 61000
2007420324 1 59000
2007430287 0 62000
2007430324 1 59000
2007440287 0 61000
2007440324 1 60000
2007450287 0 61000
2007450324 1 59000
2007460287 0 61000
2007460324 1 59000
2007470287 0 62000
2007470324 1 59000
2007480287 0 61000
2007480324 1 60000
2007490287 0 61000
2007490324 1 59000
2007500287 0 62000
2007500324 1 59000
2007510287 0 59000
2007510324 1 61000
2007520287 0 59000
2007520324 1 62000
2007530287 0 61000
2007530324 1 59000
2007540287 0 61000
2007540324 1 59000
2007550287 0 61000
2007550324 1 60000
2007560287 0 61000
2007560324 1 59000
2007570287 0 61000
2007570324 1 59000
2007580287 0 62000
2007580324 1 59000
2007590287 0 61000
2007590324 1 60000
2007600287 0 61000
2007600324 1 59000
2007610287 0 61000
2007610324 1 60000
2007620287 0 61000
2007620324 1 59000
2007630287 0 61000
2007630324 1 59000
2007640287 0 62000
2007640324 1 59000
2007650287 0 61000
2007650324 1 60000
2007660287 0 61000
2007660324 1 59000
2007670287 0 61000
2007670324 1 60000
2007680287 0 61000
2007680324 1 59000
2007690287 0 61000
2007690324 1 59000
2007700287 0 62000
2007700324 1 59000
2007710287 0 61000
2007710324 1 60000
2007720287 0 61000
2007720324 1 59000
2007730287 0 61000
2007730324 1 60000
2007740287 0 61000
2007740324 1 59000
2007750287 0 61000
2007750324 1 59000
2007760287 0 62000
2007760324 1 59000
2007770287 0 60000
2007770324 1 60000
2007780287 0 62000
2007780324 1 59000
2007790287 0 61000
2007790324 1 60000
2007800287 0 61000
2007800324 1 59000
2007810287 0 61000
2007810324 1 59000
2007820287 0 62000
2007820324 1 59000
2007830287 0 60000
2007830324 1 60000
2007840287 0 62000
2007840324 1 59000
2007850287 0 61000
2007850324 1 59000
2007860287 0 61000
2007860324 1 60000
2007870287 0 61000
2007870324 1 59000
2007880287 0 61000
2007880324 1 60000
2007890287 0 61000
2007890324 1 59000
2007900287 0 61000
2007900324 1 59000
2007910287 0 62000
2007910324 1 59000
2007920287 0 61000
2007920324 1 60000
2007930287 0 61000
2007930324 1 59000
2007940287 0 61000
2007940324 1 60000
2007950287 0 61000
2007950324 1 59000
2007960287 0 61000
2007960324 1 59000
2007970287 0 62000
2007970324 1 59000
2007980287 0 61000
2007980324 1 60000
2007990287 0 61000
2007990324 1 59000
2008000287 0 61000
2008000324 1 60000
2008010287 0 60000
2008010324 1 60000
2008020287 0 60000
2008020324 1 61000
2008030287 0 61000
2008030324 1 59000
2008040287 0 61000
2008040324 1 59000
2008050287 0 62000
2008050324 1 59000
2008060287 0 61000
2008060324 1 60000
2008070287 0 61000
2008070324 1 59000
2008080287 0 61000
2008080324 1 59000
2008090287 0 62000
2008090324 1 59000
2008100287 0 61000
2008100324 1 59000
2008110287 0 61000
2008110324 1 60000
2008120287 0 61000
2008120324 1 59000
2008130287 0 61000
2008130324 1 59000
2008140287 0 62000
2008140324 1 59000
2008150287 0 61000
2008150324 1 60000
2008160287 0 61000
2008160324 1 59000
2008170287 0 61000
2008170324 1 59000
2008180287 0 62000
2008180324 1 59000
2008190287 0 61000
2008190324 1 60000
2008200287 0 61000
2008200324 1 59000
2008210287 0 61000
2008210324 1 59000
2008220287 0 61000
2008220324 1 60000
2008230287 0 61000
2008230324 1 59000
2008240287 0 62000
2008240324 1 59000
2008250287 0 61000
2008250324 1 60000
2008260287 0 61000
2008260324 1 59000
2008270287 0 61000
2008270324 1 59000
2008280287 0 62000
2008280324 1 59000
2008290287 0 61000
2008290324 1 60000
2008300287 0 61000
2008300324 1 59000
2008310287 0 61000
2008310324 1 59000
2008320287 0 62000
2008320324 1 59000
2008330287 0 61000
2008330324 1 60000
2008340287 0 61000
2008340324 1 59000
2008350287 0 61000
2008350324 1 59000
2008360287 0 62000
2008360324 1 59000
2008370287 0 61000
2008370324 1 59000
2008380287 0 61000
2008380324 1 60000
2008390287 0 61000
2008390324 1 59000
2008400287 0 61000
2008400324 1 59000
2008410287 0 62000
2008410324 1 59000
2008420287 0 61000
2008420324 1 60000
2008430287 0 61000
2008430324 1 59000
2008440287 0 61000
2008440324 1 60000
2008450287 0 61000
2008450324 1 59000
2008460287 0 61000
2008460324 1 59000
2008470287 0 62000
2008470324 1 59000
2008480287 0 61000
2008480324 1 60000
2008490287 0 61000
2008490324 1 59000
2008500287 0 61000
2008500324 1 59000
2008510287 0 62000
2008510324 1 59000
2008520287 0 61000
2008520324 1 60000
2008530287 0 61000
2008530324 1 59000
2008540287 0 61000
2008540324 1 59000
2008550287 0 61000
2008550324 1 60000
2008560287 0 61000
2008560324 1 60000
2008570287 0 61000
2008570324 1 59000
2008580287 0 61000
2008580324 1 60000
2008590287 0 61000
2008590324 1 59000
2008600287 0 61000
2008600324 1 59000
2008610287 0 61000
2008610324 1 60000
2008620287 0 61000
2008620324 1 60000
2008630287 0 60000
2008630324 1 60000
2008640287 0 60000
2008640324 1 60000
2008650287 0 61000
2008650324 1 60000
2008660287 0 60000
2008660324 1 60000
2008670287 0 60000
2008670324 1 61000
2008680287 0 59000
2008680324 1 61000
2008690287 0 58000
2008690324 1 62000
2008700287 0 57000
2008700324 1 64000
2008710287 0 55000
2008710324 1 65000
2008720287 0 54000
2008720324 1 67000
2008730287 0 51000
2008730324 1 69000
2008740287 0 51000
2008740324 1 70000
2008750287 0 49000
2008750324 1 72000
2008760287 0 48000
2008760324 1 72000
2008770287 0 46000
2008770324 1 74000
2008780287 0 47000
2008780324 1 74000
2008790287 0 45000
2008790324 1 75000
2008800287 0 53000
2008800324 1 52000
2008810287 0 1000
2008810324 1 1000
2008820287 0 1000
2008820324 1 2000
2008830287 0 1000
2008830324 1 1000
2008840287 0 2000
2008840324 1 1000
2008850287 0 1000
2008850324 1 1000
2008860287 0 1000
2008860324 1 1000
2008870287 0 1000
2008870324 1 1000
2008880287 0 1000
2008880324 1 2000
2008890287 0 2000
2008890324 1 1000
2008900287 0 1000
2008900324 1 1000
2008910287 0 1000
2008910324 1 1000
2008920287 0 1000
2008920324 1 1000
2008930287 0 1000
2008930324 1 2000
2008940287 0 2000
2008940324 1 1000
2008950287 0 1000
2008950324 1 1000
2008960287 0 1000
2008960324 1 1000
2008970287 0 1000
2008970324 1 1000
2008980287 0 1000
2008980324 1 2000
2008990287 0 2000
2008990324 1 1000
2009000287 0 1000
2009000324 1 1000
2009010287 0 1000
2009010324 1 1000
2009020287 0 1000
2009020324 1 1000
2009030287 0 1000
2009030324 1 2000
2009040287 0 2000
2009040324 1 1000
2009050287 0 1000
2009050324 1 1000
2009060287 0 1000
2009060324 1 1000
2009070287 0 1000
2009070324 1 1000
2009080287 0 1000
2009080324 1 2000
2009090287 0 2000
2009090324 1 1000
2009100287 0 1000
2009100324 1 1000
2009110287 0 1000
2009110324 1 1000
2009120287 0 1000
2009120324 1 1000
2009130287 0 1000
2009130324 1 2000
2009140287 0 1000
2009140324 1 1000
2009150287 0 2000
2009150324 1 1000
2009160287 0 1000
2009160324 1 1000
2009170287 0 1000
2009170324 1 1000
2009180287 0 1000
2009180324 1 1000
2009190287 0 1000
2009190324 1 2000
2009200287 0 2000
2009200324 1 1000
2009210287 0 1000
2009210324 1 1000
2009220287 0 1000
2009220324 1 1000
2009230287 0 1000
2009230324 1 1000
2009240287 0 1000
2009240324 1 2000
2009250287 0 2000
2009250324 1 1000
2009260287 0 1000
2009260324 1 1000
2009270287 0 1000
2009270324 1 1000
2009280287 0 1000
2009280324 1 1000
2009290287 0 1000
2009290324 1 2000
2009300287 0 2000
2009300324 1 1000
2009310287 0 1000
2009310324 1 1000
2009320287 0 1000
2009320324 1 1000
2009330287 0 1000
2009330324 1 1000
2009340287 0 1000
2009340324 1 2000
2009350287 0 2000
2009350324 1 1000
2009360287 0 1000
2009360324 1 1000
2009370287 0 1000
2009370324 1 1000
2009380287 0 1000
2009380324 1 1000
2009390287 0 1000
2009390324 1 2000
2009400287 0 1000
2009400324 1 1000
2009410287 0 2000
2009410324 1 1000
2009420287 0 1000
2009420324 1 1000
2009430287 0 1000
2009430324 1 1000
2009440287 0 1000
2009440324 1 1000
2009450287 0 1000
2009450324 1 2000
2009460287 0 2000
2009460324 1 1000
2009470287 0 1000
2009470324 1 1000
2009480287 0 1000
2009480324 1 1000
2009490287 0 1000
2009490324 1 1000
2009500287 0 1000
2009500324 1 2000
2009510287 0 2000
2009510324 1 1000
2009520287 0 1000
2009520324 1 1000
2009530287 0 1000
2009530324 1 1000
2009540287 0 1000
2009540324 1 1000
2009550287 0 1000
2009550324 1 2000
2009560287 0 2000
2009560324 1 1000
2009570287 0 1000
2009570324 1 1000
2009580287 0 1000
2009580324 1 1000
2009590287 0 1000
2009590324 1 1000
2009600287 0 1000
2009600324 1 2000
2009610287 0 2000
2009610324 1 1000
2009620287 0 1000
2009620324 1 1000
2009630287 0 1000
2009630324 1 1000
2009640287 0 1000
2009640324 1 1000
2009650287 0 1000
2009650324 1 2000
2009660287 0 2000
2009660324 1 1000
2009670287 0 1000
2009670324 1 1000
2009680287 0 1000
2009680324 1 1000
2009690287 0 1000
2009690324 1 1000
2009700287 0 1000
2009700324 1 1000
2009710287 0 1000
2009710324 1 2000
2009720287 0 2000
2009720324 1 1000
2009730287 0 1000
2009730324 1 1000
2009740287 0 1000
2009740324 1 1000
2009750287 0 1000
2009750324 1 1000
2009760287 0 1000
2009760324 1 2000
2009770287 0 2000
2009770324 1 1000
2009780287 0 1000
2009780324 1 1000
2009790287 0 1000
2009790324 1 1000
2009800287 0 1000
2009800324 1 1000
2009810287 0 1000
2009810324 1 2000
2009820287 0 2000
2009820324 1 1000
2009830287 0 1000
2009830324 1 1000
2009840287 0 1000
2009840324 1 1000
2009850287 0 1000
2009850324 1 1000
2009860287 0 1000
2009860324 1 2000
2009870287 0 2000
2009870324 1 1000
2009880287 0 12000
2009880324 1 1000
2009890287 0 58000
2009890324 1 31000
2009900287 0 57000
2009900324 1 55000
2009910287 0 57000
2009910324 1 56000
2009920287 0 57000
2009920324 1 55000
2009930287 0 57000
2009930324 1 55000
2009940287 0 57000
2009940324 1 55000
2009950287 0 57000
2009950324 1 56000
2009960287 0 57000
2009960324 1 55000
2009970287 0 58000
2009970324 1 55000
2009980287 0 57000
2009980324 1 55000
2009990287 0 57000
2009990324 1 56000
2010000287 0 57000
2010000324 1 55000
2010010287 0 57000
2010010324 1 55000
2010020287 0 57000
2010020324 1 55000
2010030287 0 58000
2010030324 1 55000
2010040287 0 57000
2010040324 1 55000
2010050287 0 57000
2010050324 1 56000
2010060287 0 57000
2010060324 1 55000
2010070287 0 57000
2010070324 1 56000
2010080287 0 57000
2010080324 1 55000
2010090287 0 57000
2010090324 1 55000
2010100287 0 58000
2010100324 1 55000
2010110287 0 57000
2010110324 1 55000
2010120287 0 57000
2010120324 1 56000
2010130287 0 57000
2010130324 1 55000
2010140287 0 57000
2010140324 1 55000
2010150287 0 57000
2010150324 1 56000
2010160287 0 57000
2010160324 1 55000
2010170287 0 57000
2010170324 1 55000
2010180287 0 69000
2010180324 1 50000
2010190287 0 61000
2010190324 1 60000
2010200287 0 61000
2010200324 1 59000
2010210287 0 61000
2010210324 1 59000
2010220287 0 61000
2010220324 1 60000
2010230287 0 61000
2010230324 1 59000
2010240287 0 60000
2010240324 1 60000
2010250287 0 62000
2010250324 1 59000
2010260287 0 61000
2010260324 1 60000
2010270287 0 61000
2010270324 1 59000
2010280287 0 61000
2010280324 1 60000
2010290287 0 61000
2010290324 1 59000
2010300287 0 61000
2010300324 1 60000
2010310287 0 61000
2010310324 1 59000
2010320287 0 61000
2010320324 1 60000
2010330287 0 61000
2010330324 1 59000
2010340287 0 61000
2010340324 1 60000
2010350287 0 61000
2010350324 1 59000
2010360287 0 61000
2010360324 1 60000
2010370287 0 61000
2010370324 1 59000
2010380287 0 61000
2010380324 1 60000
2010390287 0 61000
2010390324 1 59000
2010400287 0 61000
2010400324 1 60000
2010410287 0 61000
2010410324 1 59000
2010420287 0 61000
2010420324 1 60000
2010430287 0 61000
2010430324 1 59000
2010440287 0 61000
2010440324 1 60000
2010450287 0 61000
2010450324 1 59000
2010460287 0 61000
2010460324 1 60000
2010470287 0 61000
2010470324 1 59000
2010480287 0 61000
2010480324 1 59000
2010490287 0 61000
2010490324 1 60000
2010500287 0 61000
2010500324 1 59000
2010510287 0 60000
2010510324 1 60000
2010520287 0 62000
2010520324 1 59000
2010530287 0 60000
2010530324 1 60000
2010540287 0 62000
2010540324 1 59000
2010550287 0 60000
2010550324 1 60000
2010560287 0 62000
2010560324 1 59000
2010570287 0 60000
2010570324 1 60000
2010580287 0 62000
2010580324 1 59000
2010590287 0 61000
2010590324 1 59000
2010600287 0 65000
2010600324 1 56000
2010610287 0 61000
2010610324 1 60000
2010620287 0 61000
2010620324 1 59000
2010630287 0 61000
2010630324 1 59000
2010640287 0 62000
2010640324 1 59000
2010650287 0 60000
2010650324 1 60000
2010660287 0 62000
2010660324 1 59000
2010670287 0 61000
2010670324 1 60000
2010680287 0 61000
2010680324 1 59000
2010690287 0 61000
2010690324 1 60000
2010700287 0 61000
2010700324 1 59000
2010710287 0 61000
2010710324 1 59000
2010720287 0 62000
2010720324 1 59000
2010730287 0 60000
2010730324 1 60000
2010740287 0 62000
2010740324 1 59000
2010750287 0 61000
2010750324 1 60000
2010760287 0 61000
2010760324 1 59000
2010770287 0 61000
2010770324 1 59000
2010780287 0 61000
2010780324 1 60000
2010790287 0 61000
2010790324 1 59000
2010800287 0 61000
2010800324 1 59000
2010810287 0 61000
2010810324 1 60000
2010820287 0 61000
2010820324 1 59000
2010830287 0 62000
2010830324 1 59000
2010840287 0 61000
2010840324 1 60000
2010850287 0 61000
2010850324 1 59000
2010860287 0 61000
2010860324 1 60000
2010870287 0 61000
2010870324 1 59000
2010880287 0 61000
2010880324 1 59000
2010890287 0 62000
2010890324 1 59000
2010900287 0 60000
2010900324 1 60000
2010910287 0 62000
2010910324 1 59000
2010920287 0 61000
2010920324 1 60000
2010930287 0 61000
2010930324 1 59000
2010940287 0 61000
2010940324 1 60000
2010950287 0 61000
2010950324 1 59000
2010960287 0 61000
2010960324 1 59000
2010970287 0 62000
2010970324 1 59000
2010980287 0 60000
2010980324 1 60000
2010990287 0 62000
2010990324 1 59000
2011000287 0 61000
2011000324 1 60000
2011010287 0 61000
2011010324 1 59000
2011020287 0 61000
2011020324 1 59000
2011030287 0 61000
2011030324 1 60000
2011040287 0 61000
2011040324 1 59000
2011050287 0 62000
2011050324 1 59000
2011060287 0 61000
2011060324 1 59000
2011070287 0 60000
2011070324 1 60000
2011080287 0 63000
2011080324 1 58000
2011090287 0 62000
2011090324 1 59000
2011100287 0 61000
2011100324 1 59000
2011110287 0 61000
2011110324 1 59000
2011120287 0 62000
2011120324 1 59000
2011130287 0 61000
2011130324 1 60000
2011140287 0 61000
2011140324 1 59000
2011150287 0 61000
2011150324 1 59000
2011160287 0 62000
2011160324 1 59000
2011170287 0 60000
2011170324 1 60000
2011180287 0 62000
2011180324 1 59000
2011190287 0 61000
2011190324 1 60000
2011200287 0 61000
2011200324 1 59000
2011210287 0 61000
2011210324 1 59000
2011220287 0 62000
2011220324 1 59000
2011230287 0 61000
2011230324 1 60000
2011240287 0 61000
2011240324 1 59000
2011250287 0 61000
2011250324 1 59000
2011260287 0 62000
2011260324 1 59000
2011270287 0 60000
2011270324 1 60000
2011280287 0 62000
2011280324 1 59000
2011290287 0 61000
2011290324 1 60000
2011300287 0 61000
2011300324 1 59000
2011310287 0 61000
2011310324 1 59000
2011320287 0 62000
2011320324 1 59000
2011330287 0 61000
2011330324 1 59000
2011340287 0 61000
2011340324 1 60000
2011350287 0 61000
2011350324 1 59000
2011360287 0 61000
2011360324 1 60000
2011370287 0 61000
2011370324 1 59000
2011380287 0 61000
2011380324 1 59000
2011390287 0 62000
2011390324 1 59000
2011400287 0 61000
2011400324 1 60000
2011410287 0 61000
2011410324 1 59000
2011420287 0 61000
2011420324 1 59000
2011430287 0 62000
2011430324 1 59000
2011440287 0 61000
2011440324 1 60000
2011450287 0 61000
2011450324 1 59000
2011460287 0 61000
2011460324 1 60000
2011470287 0 61000
2011470324 1 59000
2011480287 0 61000
2011480324 1 59000
2011490287 0 62000
2011490324 1 59000
2011500287 0 61000
2011500324 1 60000
2011510287 0 61000
2011510324 1 59000
2011520287 0 61000
2011520324 1 59000
2011530287 0 62000
2011530324 1 59000
2011540287 0 61000
2011540324 1 60000
2011550287 0 61000
2011550324 1 59000
2011560287 0 61000
2011560324 1 60000
2011570287 0 61000
2011570324 1 59000
2011580287 0 61000
2011580324 1 59000
2011590287 0 62000
2011590324 1 59000
2011600287 0 61000
2011600324 1 59000
2011610287 0 62000
2011610324 1 59000
2011620287 0 61000
2011620324 1 59000
2011630287 0 61000
2011630324 1 59000
2011640287 0 62000
2011640324 1 59000
2011650287 0 61000
2011650324 1 60000
2011660287 0 61000
2011660324 1 59000
2011670287 0 61000
2011670324 1 59000
2011680287 0 62000
2011680324 1 59000
2011690287 0 62000
2011690324 1 59000
2011700287 0 62000
2011700324 1 58000
2011710287 0 62000
2011710324 1 58000
2011720287 0 63000
2011720324 1 58000
2011730287 0 63000
2011730324 1 58000
2011740287 0 63000
2011740324 1 57000
2011750287 0 65000
2011750324 1 56000
2011760287 0 64000
2011760324 1 56000
2011770287 0 66000
2011770324 1 55000
2011780287 0 66000
2011780324 1 54000
2011790287 0 66000
2011790324 1 54000
2011800287 0 67000
2011800324 1 54000
2011810287 0 68000
2011810324 1 53000
2011820287 0 68000
2011820324 1 52000
2011830287 0 68000
2011830324 1 53000
2011840287 0 68000
2011840324 1 52000
2011850287 0 69000
2011850324 1 51000
2011860287 0 71000
2011860324 1 50000
2011870287 0 70000
2011870324 1 50000
2011880287 0 62000
2011880324 1 59000
2011890287 0 16000
2011890324 1 16000
2011900287 0 1000
2011900324 1 1000
2011910287 0 2000
2011910324 1 1000
2011920287 0 1000
2011920324 1 1000
2011930287 0 1000
2011930324 1 1000
2011940287 0 1000
2011940324 1 2000
2011950287 0 1000
2011950324 1 1000
2011960287 0 2000
2011960324 1 1000
2011970287 0 1000
2011970324 1 1000
2011980287 0 1000
2011980324 1 1000
2011990287 0 1000
2011990324 1 2000
2012000287 0 1000
2012000324 1 1000
2012010287 0 2000
2012010324 1 1000
2012020287 0 1000
2012020324 1 1000
2012030287 0 1000
2012030324 1 1000
2012040287 0 1000
2012040324 1 2000
2012050287 0 1000
2012050324 1 1000
2012060287 0 2000
2012060324 1 1000
2012070287 0 1000
2012070324 1 1000
2012080287 0 1000
2012080324 1 1000
2012090287 0 1000
2012090324 1 1000
2012100287 0 1000
2012100324 1 2000
2012110287 0 2000
2012110324 1 1000
2012120287 0 1000
2012120324 1 1000
2012130287 0 1000
2012130324 1 1000
2012140287 0 1000
2012140324 1 1000
2012150287 0 1000
2012150324 1 2000
2012160287 0 1000
2012160324 1 1000
2012170287 0 2000
2012170324 1 1000
2012180287 0 1000
2012180324 1 1000
2012190287 0 1000
2012190324 1 1000
2012200287 0 1000
2012200324 1 2000
2012210287 0 1000
2012210324 1 1000
2012220287 0 2000
2012220324 1 1000
2012230287 0 1000
2012230324 1 1000
2012240287 0 1000
2012240324 1 1000
2012250287 0 1000
2012250324 1 2000
2012260287 0 1000
2012260324 1 1000
2012270287 0 2000
2012270324 1 1000
2012280287 0 1000
2012280324 1 1000
2012290287 0 1000
2012290324 1 1000
2012300287 0 1000
2012300324 1 2000
2012310287 0 1000
2012310324 1 1000
2012320287 0 2000
2012320324 1 1000
2012330287 0 1000
2012330324 1 1000
2012340287 0 1000
2012340324 1 1000
2012350287 0 1000
2012350324 1 1000
2012360287 0 1000
2012360324 1 2000
2012370287 0 2000
2012370324 1 1000
2012380287 0 1000
2012380324 1 1000
2012390287 0 1000
2012390324 1 1000
2012400287 0 1000
2012400324 1 1000
2012410287 0 1000
2012410324 1 2000
2012420287 0 1000
2012420324 1 1000
2012430287 0 2000
2012430324 1 1000
2012440287 0 1000
2012440324 1 1000
2012450287 0 1000
2012450324 1 1000
2012460287 0 1000
2012460324 1 2000
2012470287 0 1000
2012470324 1 1000
2012480287 0 2000
2012480324 1 1000
2012490287 0 1000
2012490324 1 1000
2012500287 0 1000
2012500324 1 1000
2012510287 0 1000
2012510324 1 2000
2012520287 0 1000
2012520324 1 1000
2012530287 0 2000
2012530324 1 1000
2012540287 0 1000
2012540324 1 1000
2012550287 0 1000
2012550324 1 1000
2012560287 0 1000
2012560324 1 2000
2012570287 0 1000
2012570324 1 1000
2012580287 0 2000
2012580324 1 1000
2012590287 0 1000
2012590324 1 1000
2012600287 0 1000
2012600324 1 1000
2012610287 0 1000
2012610324 1 2000
2012620287 0 1000
2012620324 1 1000
2012630287 0 2000
2012630324 1 1000
2012640287 0 1000
2012640324 1 1000
2012650287 0 1000
2012650324 1 1000
2012660287 0 1000
2012660324 1 1000
2012670287 0 1000
2012670324 1 2000
2012680287 0 2000
2012680324 1 1000
2012690287 0 1000
2012690324 1 1000
2012700287 0 1000
2012700324 1 1000
2012710287 0 1000
2012710324 1 1000
2012720287 0 1000
2012720324 1 2000
2012730287 0 1000
2012730324 1 1000
2012740287 0 2000
2012740324 1 1000
2012750287 0 1000
2012750324 1 1000
2012760287 0 1000
2012760324 1 1000
2012770287 0 1000
2012770324 1 2000
2012780287 0 1000
2012780324 1 1000
2012790287 0 2000
2012790324 1 1000
2012800287 0 1000
2012800324 1 1000
2012810287 0 1000
2012810324 1 1000
2012820287 0 1000
2012820324 1 2000
2012830287 0 1000
2012830324 1 1000
2012840287 0 2000
2012840324 1 1000
2012850287 0 1000
2012850324 1 1000
2012860287 0 1000
2012860324 1 1000
2012870287 0 1000
2012870324 1 2000
2012880287 0 1000
2012880324 1 1000
2012890287 0 2000
2012890324 1 1000
2012900287 0 1000
2012900324 1 1000
2012910287 0 1000
2012910324 1 1000
2012920287 0 1000
2012920324 1 1000
2012930287 0 1000
2012930324 1 2000
2012940287 0 2000
2012940324 1 1000
2012950287 0 1000
2012950324 1 1000
2012960287 0 1000
2012960324 1 1000
2012970287 0 28000
2012970324 1 1000
2012980287 0 56000
2012980324 1 52000
2012990287 0 56000
2012990324 1 53000
2013000287 0 55000
2013000324 1 54000
2013010287 0 55000
2013010324 1 54000
2013020287 0 56000
2013020324 1 54000
2013030287 0 56000
2013030324 1 54000
2013040287 0 55000
2013040324 1 53000
2013050287 0 55000
2013050324 1 54000
2013060287 0 56000
2013060324 1 54000
2013070287 0 56000
2013070324 1 54000
2013080287 0 56000
2013080324 1 53000
2013090287 0 55000
2013090324 1 54000
2013100287 0 55000
2013100324 1 54000
2013110287 0 56000
2013110324 1 54000
2013120287 0 56000
2013120324 1 53000
2013130287 0 55000
2013130324 1 54000
2013140287 0 56000
2013140324 1 54000
2013150287 0 55000
2013150324 1 54000
2013160287 0 56000
2013160324 1 54000
2013170287 0 56000
2013170324 1 53000
2013180287 0 55000
2013180324 1 54000
2013190287 0 56000
2013190324 1 53000
2013200287 0 55000
2013200324 1 55000
2013210287 0 56000
2013210324 1 53000
2013220287 0 55000
2013220324 1 54000
2013230287 0 56000
2013230324 1 54000
2013240287 0 55000
2013240324 1 53000
2013250287 0 56000
2013250324 1 54000
2013260287 0 55000
2013260324 1 54000
2013270287 0 64000
2013270324 1 57000
2013280287 0 61000
2013280324 1 59000
2013290287 0 61000
2013290324 1 59000
2013300287 0 62000
2013300324 1 59000
2013310287 0 61000
2013310324 1 60000
2013320287 0 61000
2013320324 1 59000
2013330287 0 61000
2013330324 1 59000
2013340287 0 62000
2013340324 1 59000
2013350287 0 61000
2013350324 1 60000
2013360287 0 61000
2013360324 1 59000
2013370287 0 61000
2013370324 1 59000
2013380287 0 62000
2013380324 1 59000
2013390287 0 61000
2013390324 1 59000
2013400287 0 61000
2013400324 1 60000
2013410287 0 61000
2013410324 1 59000
2013420287 0 61000
2013420324 1 59000
2013430287 0 62000
2013430324 1 59000
2013440287 0 61000
2013440324 1 60000
2013450287 0 61000
2013450324 1 59000
2013460287 0 61000
2013460324 1 59000
2013470287 0 62000
2013470324 1 59000
2013480287 0 61000
2013480324 1 60000
2013490287 0 61000
2013490324 1 59000
2013500287 0 61000
2013500324 1 60000
2013510287 0 61000
2013510324 1 59000
2013520287 0 61000
2013520324 1 59000
2013530287 0 62000
2013530324 1 59000
2013540287 0 61000
2013540324 1 60000
2013550287 0 61000
2013550324 1 59000
2013560287 0 61000
2013560324 1 59000
2013570287 0 62000
2013570324 1 59000
2013580287 0 61000
2013580324 1 60000
2013590287 0 61000
2013590324 1 59000
2013600287 0 61000
2013600324 1 59000
2013610287 0 62000
2013610324 1 59000
2013620287 0 61000
2013620324 1 60000
2013630287 0 61000
2013630324 1 59000
2013640287 0 61000
2013640324 1 59000
2013650287 0 62000
2013650324 1 59000
2013660287 0 61000
2013660324 1 59000
2013670287 0 62000
2013670324 1 58000
2013680287 0 62000
2013680324 1 59000
2013690287 0 61000
2013690324 1 60000
2013700287 0 62000
2013700324 1 58000
2013710287 0 61000
2013710324 1 60000
2013720287 0 61000
2013720324 1 59000
2013730287 0 62000
2013730324 1 59000
2013740287 0 61000
2013740324 1 59000
2013750287 0 61000
2013750324 1 59000
2013760287 0 62000
2013760324 1 59000
2013770287 0 61000
2013770324 1 59000
2013780287 0 62000
2013780324 1 59000
2013790287 0 61000
2013790324 1 60000
2013800287 0 62000
2013800324 1 58000
2013810287 0 61000
2013810324 1 60000
2013820287 0 61000
2013820324 1 59000
2013830287 0 61000
2013830324 1 59000
2013840287 0 62000
2013840324 1 59000
2013850287 0 61000
2013850324 1 59000
2013860287 0 62000
2013860324 1 59000
2013870287 0 61000
2013870324 1 59000
2013880287 0 62000
2013880324 1 59000
2013890287 0 61000
2013890324 1 60000
2013900287 0 62000
2013900324 1 58000
2013910287 0 61000
2013910324 1 60000
2013920287 0 61000
2013920324 1 59000
2013930287 0 61000
2013930324 1 59000
2013940287 0 62000
2013940324 1 59000
2013950287 0 61000
2013950324 1 59000
2013960287 0 61000
2013960324 1 59000
2013970287 0 62000
2013970324 1 59000
2013980287 0 61000
2013980324 1 59000
2013990287 0 62000
2013990324 1 59000
2014000287 0 61000
2014000324 1 60000
2014010287 0 62000
2014010324 1 58000
2014020287 0 61000
2014020324 1 60000
2014030287 0 61000
2014030324 1 59000
2014040287 0 62000
2014040324 1 59000
2014050287 0 61000
2014050324 1 59000
2014060287 0 61000
2014060324 1 59000
2014070287 0 62000
2014070324 1 59000
2014080287 0 61000
2014080324 1 59000
2014090287 0 62000
2014090324 1 59000
2014100287 0 61000
2014100324 1 60000
2014110287 0 62000
2014110324 1 58000
2014120287 0 61000
2014120324 1 60000
2014130287 0 61000
2014130324 1 59000
2014140287 0 62000
2014140324 1 59000
2014150287 0 62000
2014150324 1 58000
2014160287 0 61000
2014160324 1 59000
2014170287 0 62000
2014170324 1 59000
2014180287 0 61000
2014180324 1 59000
2014190287 0 62000
2014190324 1 59000
2014200287 0 61000
2014200324 1 59000
2014210287 0 62000
2014210324 1 59000
2014220287 0 61000
2014220324 1 59000
2014230287 0 61000
2014230324 1 59000
2014240287 0 62000
2014240324 1 59000
2014250287 0 61000
2014250324 1 59000
2014260287 0 62000
2014260324 1 59000
2014270287 0 61000
2014270324 1 59000
2014280287 0 62000
2014280324 1 59000
2014290287 0 61000
2014290324 1 59000
2014300287 0 62000
2014300324 1 59000
2014310287 0 61000
2014310324 1 59000
2014320287 0 62000
2014320324 1 59000
2014330287 0 61000
2014330324 1 59000
2014340287 0 62000
2014340324 1 59000
2014350287 0 61000
2014350324 1 59000
2014360287 0 62000
2014360324 1 59000
2014370287 0 61000
2014370324 1 59000
2014380287 0 62000
2014380324 1 59000
2014390287 0 61000
2014390324 1 60000
2014400287 0 62000
2014400324 1 58000
2014410287 0 61000
2014410324 1 60000
2014420287 0 62000
2014420324 1 58000
2014430287 0 61000
2014430324 1 60000
2014440287 0 62000
2014440324 1 58000
2014450287 0 61000
2014450324 1 60000
2014460287 0 62000
2014460324 1 58000
2014470287 0 61000
2014470324 1 59000
2014480287 0 62000
2014480324 1 59000
2014490287 0 61000
2014490324 1 59000
2014500287 0 61000
2014500324 1 60000
2014510287 0 62000
2014510324 1 58000
2014520287 0 61000
2014520324 1 60000
2014530287 0 62000
2014530324 1 58000
2014540287 0 61000
2014540324 1 60000
2014550287 0 62000
2014550324 1 58000
2014560287 0 61000
2014560324 1 60000
2014570287 0 62000
2014570324 1 58000
2014580287 0 61000
2014580324 1 60000
2014590287 0 62000
2014590324 1 58000
2014600287 0 61000
2014600324 1 60000
2014610287 0 62000
2014610324 1 58000
2014620287 0 61000
2014620324 1 60000
2014630287 0 61000
2014630324 1 59000
2014640287 0 62000
2014640324 1 59000
2014650287 0 62000
2014650324 1 58000
2014660287 0 61000
2014660324 1 60000
2014670287 0 61000
2014670324 1 59000
2014680287 0 61000
2014680324 1 59000
2014690287 0 62000
2014690324 1 59000
2014700287 0 61000
2014700324 1 60000
2014710287 0 61000
2014710324 1 59000
2014720287 0 61000
2014720324 1 60000
2014730287 0 61000
2014730324 1 59000
2014740287 0 60000
2014740324 1 60000
2014750287 0 62000
2014750324 1 59000
2014760287 0 60000
2014760324 1 60000
2014770287 0 62000
2014770324 1 59000
2014780287 0 60000
2014780324 1 60000
2014790287 0 59000
2014790324 1 61000
2014800287 0 60000
2014800324 1 61000
2014810287 0 60000
2014810324 1 61000
2014820287 0 60000
2014820324 1 60000
2014830287 0 61000
2014830324 1 60000
2014840287 0 60000
2014840324 1 60000
2014850287 0 60000
2014850324 1 60000
2014860287 0 61000
2014860324 1 60000
2014870287 0 61000
2014870324 1 60000
2014880287 0 61000
2014880324 1 59000
2014890287 0 61000
2014890324 1 59000
2014900287 0 61000
2014900324 1 60000
2014910287 0 61000
2014910324 1 60000
2014920287 0 62000
2014920324 1 58000
2014930287 0 20000
2014930324 1 21000
2014940287 0 1000
2014940324 1 1000
2014950287 0 1000
2014950324 1 1000
2014960287 0 1000
2014960324 1 1000
2014970287 0 2000
2014970324 1 1000
2014980287 0 1000
2014980324 1 1000
2014990287 0 1000
2014990324 1 2000
2015000287 0 1000
2015000324 1 1000
2015010287 0 1000
2015010324 1 1000
2015020287 0 1000
2015020324 1 1000
2015030287 0 2000
2015030324 1 1000
2015040287 0 1000
2015040324 1 2000
2015050287 0 1000
2015050324 1 1000
2015060287 0 1000
2015060324 1 1000
2015070287 0 1000
2015070324 1 1000
2015080287 0 2000
2015080324 1 1000
2015090287 0 1000
2015090324 1 2000
2015100287 0 1000
2015100324 1 1000
2015110287 0 1000
2015110324 1 1000
2015120287 0 1000
2015120324 1 1000
2015130287 0 2000
2015130324 1 1000
2015140287 0 1000
2015140324 1 2000
2015150287 0 1000
2015150324 1 1000
2015160287 0 1000
2015160324 1 1000
2015170287 0 1000
2015170324 1 1000
2015180287 0 2000
2015180324 1 1000
2015190287 0 1000
2015190324 1 2000
2015200287 0 1000
2015200324 1 1000
2015210287 0 1000
2015210324 1 1000
2015220287 0 1000
2015220324 1 1000
2015230287 0 2000
2015230324 1 1000
2015240287 0 1000
2015240324 1 2000
2015250287 0 1000
2015250324 1 1000
2015260287 0 1000
2015260324 1 1000
2015270287 0 1000
2015270324 1 1000
2015280287 0 2000
2015280324 1 1000
2015290287 0 1000
2015290324 1 1000
2015300287 0 1000
2015300324 1 2000
2015310287 0 1000
2015310324 1 1000
2015320287 0 1000
2015320324 1 1000
2015330287 0 1000
2015330324 1 1000
2015340287 0 2000
2015340324 1 1000
2015350287 0 1000
2015350324 1 2000
2015360287 0 1000
2015360324 1 1000
2015370287 0 1000
2015370324 1 1000
2015380287 0 1000
2015380324 1 1000
2015390287 0 2000
2015390324 1 1000
2015400287 0 1000
2015400324 1 2000
2015410287 0 1000
2015410324 1 1000
2015420287 0 1000
2015420324 1 1000
2015430287 0 1000
2015430324 1 1000
2015440287 0 2000
2015440324 1 1000
2015450287 0 1000
2015450324 1 2000
2015460287 0 1000
2015460324 1 1000
2015470287 0 1000
2015470324 1 1000
2015480287 0 1000
2015480324 1 1000
2015490287 0 2000
2015490324 1 1000
2015500287 0 1000
2015500324 1 2000
2015510287 0 1000
2015510324 1 1000
2015520287 0 1000
2015520324 1 1000
2015530287 0 1000
2015530324 1 1000
2015540287 0 2000
2015540324 1 1000
2015550287 0 1000
2015550324 1 1000
2015560287 0 1000
2015560324 1 2000
2015570287 0 1000
2015570324 1 1000
2015580287 0 1000
2015580324 1 1000
2015590287 0 1000
2015590324 1 1000
2015600287 0 2000
2015600324 1 1000
2015610287 0 1000
2015610324 1 2000
2015620287 0 1000
2015620324 1 1000
2015630287 0 1000
2015630324 1 1000
2015640287 0 1000
2015640324 1 1000
2015650287 0 2000
2015650324 1 1000
2015660287 0 1000
2015660324 1 2000
2015670287 0 1000
2015670324 1 1000
2015680287 0 1000
2015680324 1 1000
2015690287 0 1000
2015690324 1 1000
2015700287 0 2000
2015700324 1 1000
2015710287 0 1000
2015710324 1 2000
2015720287 0 1000
2015720324 1 1000
2015730287 0 1000
2015730324 1 1000
2015740287 0 1000
2015740324 1 1000
2015750287 0 2000
2015750324 1 1000
2015760287 0 1000
2015760324 1 2000
2015770287 0 1000
2015770324 1 1000
2015780287 0 1000
2015780324 1 1000
2015790287 0 1000
2015790324 1 1000
2015800287 0 2000
2015800324 1 1000
2015810287 0 1000
2015810324 1 2000
2015820287 0 1000
2015820324 1 1000
2015830287 0 1000
2015830324 1 1000
2015840287 0 1000
2015840324 1 1000
2015850287 0 2000
2015850324 1 1000
2015860287 0 1000
2015860324 1 1000
2015870287 0 1000
2015870324 1 2000
2015880287 0 1000
2015880324 1 1000
2015890287 0 1000
2015890324 1 1000
2015900287 0 1000
2015900324 1 1000
2015910287 0 2000
2015910324 1 1000
2015920287 0 1000
2015920324 1 2000
2015930287 0 1000
2015930324 1 1000
2015940287 0 1000
2015940324 1 1000
2015950287 0 1000
2015950324 1 1000
2015960287 0 2000
2015960324 1 1000
2015970287 0 1000
2015970324 1 2000
2015980287 0 1000
2015980324 1 1000
2015990287 0 1000
2015990324 1 1000
2016000287 0 1000
2016000324 1 30000
2016010287 0 50000
2016010324 1 52000
2016020287 0 54000
2016020324 1 53000
2016030287 0 54000
2016030324 1 52000
2016040287 0 54000
2016040324 1 52000
2016050287 0 54000
2016050324 1 53000
2016060287 0 54000
2016060324 1 52000
2016070287 0 54000
2016070324 1 52000
2016080287 0 54000
2016080324 1 53000
2016090287 0 54000
2016090324 1 52000
2016100287 0 54000
2016100324 1 52000
2016110287 0 54000
2016110324 1 53000
2016120287 0 54000
2016120324 1 52000
2016130287 0 54000
2016130324 1 52000
2016140287 0 54000
2016140324 1 53000
2016150287 0 55000
2016150324 1 52000
2016160287 0 54000
2016160324 1 52000
2016170287 0 53000
2016170324 1 53000
2016180287 0 55000
2016180324 1 52000
2016190287 0 54000
2016190324 1 53000
2016200287 0 54000
2016200324 1 52000
2016210287 0 54000
2016210324 1 52000
2016220287 0 54000
2016220324 1 53000
2016230287 0 54000
2016230324 1 52000
2016240287 0 54000
2016240324 1 52000
2016250287 0 54000
2016250324 1 53000
2016260287 0 54000
2016260324 1 52000
2016270287 0 54000
2016270324 1 52000
2016280287 0 54000
2016280324 1 53000
2016290287 0 54000
2016290324 1 52000
2016300287 0 50000
2016300324 1 70000
2016310287 0 59000
2016310324 1 61000
2016320287 0 62000
2016320324 1 59000
2016330287 0 61000
2016330324 1 60000
2016340287 0 61000
2016340324 1 59000
2016350287 0 61000
2016350324 1 60000
2016360287 0 61000
2016360324 1 59000
2016370287 0 61000
2016370324 1 59000
2016380287 0 62000
2016380324 1 59000
2016390287 0 61000
2016390324 1 59000
2016400287 0 61000
2016400324 1 60000
2016410287 0 61000
2016410324 1 59000
2016420287 0 61000
2016420324 1 59000
2016430287 0 62000
2016430324 1 59000
2016440287 0 61000
2016440324 1 60000
2016450287 0 61000
2016450324 1 59000
2016460287 0 61000
2016460324 1 60000
2016470287 0 61000
2016470324 1 59000
2016480287 0 61000
2016480324 1 59000
2016490287 0 62000
2016490324 1 59000
2016500287 0 61000
2016500324 1 60000
2016510287 0 61000
2016510324 1 59000
2016520287 0 61000
2016520324 1 59000
2016530287 0 62000
2016530324 1 59000
2016540287 0 61000
2016540324 1 60000
2016550287 0 61000
2016550324 1 59000
2016560287 0 61000
2016560324 1 59000
2016570287 0 61000
2016570324 1 60000
2016580287 0 61000
2016580324 1 59000
2016590287 0 62000
2016590324 1 59000
2016600287 0 61000
2016600324 1 60000
2016610287 0 61000
2016610324 1 59000
2016620287 0 61000
2016620324 1 59000
2016630287 0 62000
2016630324 1 59000
2016640287 0 61000
2016640324 1 59000
2016650287 0 61000
2016650324 1 60000
2016660287 0 61000
2016660324 1 59000
2016670287 0 61000
2016670324 1 59000
2016680287 0 61000
2016680324 1 60000
2016690287 0 59000
2016690324 1 62000
2016700287 0 57000
2016700324 1 63000
2016710287 0 62000
2016710324 1 59000
2016720287 0 61000
2016720324 1 59000
2016730287 0 61000
2016730324 1 59000
2016740287 0 62000
2016740324 1 59000
2016750287 0 61000
2016750324 1 59000
2016760287 0 62000
2016760324 1 59000
2016770287 0 61000
2016770324 1 60000
2016780287 0 61000
2016780324 1 59000
2016790287 0 61000
2016790324 1 59000
2016800287 0 62000
2016800324 1 59000
2016810287 0 61000
2016810324 1 59000
2016820287 0 62000
2016820324 1 59000
2016830287 0 61000
2016830324 1 60000
2016840287 0 62000
2016840324 1 58000
2016850287 0 61000
2016850324 1 60000
2016860287 0 61000
2016860324 1 59000
2016870287 0 61000
2016870324 1 59000
2016880287 0 62000
2016880324 1 59000
2016890287 0 61000
2016890324 1 59000
2016900287 0 62000
2016900324 1 59000
2016910287 0 61000
2016910324 1 59000
2016920287 0 62000
2016920324 1 59000
2016930287 0 61000
2016930324 1 59000
2016940287 0 61000
2016940324 1 60000
2016950287 0 61000
2016950324 1 59000
2016960287 0 61000
2016960324 1 59000
2016970287 0 62000
2016970324 1 59000
2016980287 0 61000
2016980324 1 59000
2016990287 0 62000
2016990324 1 59000
2017000287 0 61000
2017000324 1 60000
2017010287 0 62000
2017010324 1 58000
2017020287 0 61000
2017020324 1 60000
2017030287 0 61000
2017030324 1 59000
2017040287 0 61000
2017040324 1 59000
2017050287 0 62000
2017050324 1 59000
2017060287 0 61000
2017060324 1 59000
2017070287 0 62000
2017070324 1 59000
2017080287 0 61000
2017080324 1 60000
2017090287 0 61000
2017090324 1 59000
2017100287 0 62000
2017100324 1 59000
2017110287 0 61000
2017110324 1 59000
2017120287 0 61000
2017120324 1 59000
2017130287 0 62000
2017130324 1 59000
2017140287 0 61000
2017140324 1 59000
2017150287 0 60000
2017150324 1 61000
2017160287 0 59000
2017160324 1 61000
2017170287 0 62000
2017170324 1 59000
2017180287 0 60000
2017180324 1 60000
2017190287 0 62000
2017190324 1 59000
2017200287 0 61000
2017200324 1 59000
2017210287 0 61000
2017210324 1 60000
2017220287 0 61000
2017220324 1 59000
2017230287 0 61000
2017230324 1 60000
2017240287 0 61000
2017240324 1 59000
2017250287 0 61000
2017250324 1 59000
2017260287 0 62000
2017260324 1 59000
2017270287 0 61000
2017270324 1 60000
2017280287 0 61000
2017280324 1 59000
2017290287 0 61000
2017290324 1 60000
2017300287 0 61000
2017300324 1 59000
2017310287 0 61000
2017310324 1 59000
2017320287 0 62000
2017320324 1 59000
2017330287 0 60000
2017330324 1 60000
2017340287 0 62000
2017340324 1 59000
2017350287 0 61000
2017350324 1 60000
2017360287 0 61000
2017360324 1 59000
2017370287 0 61000
2017370324 1 59000
2017380287 0 61000
2017380324 1 60000
2017390287 0 61000
2017390324 1 59000
2017400287 0 62000
2017400324 1 59000
2017410287 0 61000
2017410324 1 60000
2017420287 0 61000
2017420324 1 59000
2017430287 0 61000
2017430324 1 60000
2017440287 0 61000
2017440324 1 59000
2017450287 0 61000
2017450324 1 59000
2017460287 0 62000
2017460324 1 59000
2017470287 0 61000
2017470324 1 59000
2017480287 0 61000
2017480324 1 60000
2017490287 0 61000
2017490324 1 59000
2017500287 0 61000
2017500324 1 60000
2017510287 0 61000
2017510324 1 59000
2017520287 0 61000
2017520324 1 59000
2017530287 0 61000
2017530324 1 60000
2017540287 0 61000
2017540324 1 59000
2017550287 0 62000
2017550324 1 59000
2017560287 0 61000
2017560324 1 60000
2017570287 0 61000
2017570324 1 59000
2017580287 0 61000
2017580324 1 60000
2017590287 0 61000
2017590324 1 59000
2017600287 0 61000
2017600324 1 59000
2017610287 0 62000
2017610324 1 59000
2017620287 0 61000
2017620324 1 60000
2017630287 0 61000
2017630324 1 59000
2017640287 0 61000
2017640324 1 60000
2017650287 0 60000
2017650324 1 60000
2017660287 0 61000
2017660324 1 60000
2017670287 0 61000
2017670324 1 59000
2017680287 0 61000
2017680324 1 60000
2017690287 0 61000
2017690324 1 59000
2017700287 0 61000
2017700324 1 59000
2017710287 0 62000
2017710324 1 59000
2017720287 0 61000
2017720324 1 60000
2017730287 0 61000
2017730324 1 59000
2017740287 0 61000
2017740324 1 59000
2017750287 0 62000
2017750324 1 59000
2017760287 0 60000
2017760324 1 60000
2017770287 0 61000
2017770324 1 59000
2017780287 0 62000
2017780324 1 59000
2017790287 0 62000
2017790324 1 59000
2017800287 0 62000
2017800324 1 58000
2017810287 0 61000
2017810324 1 59000
2017820287 0 62000
2017820324 1 59000
2017830287 0 63000
2017830324 1 58000
2017840287 0 63000
2017840324 1 57000
2017850287 0 63000
2017850324 1 57000
2017860287 0 64000
2017860324 1 57000
2017870287 0 65000
2017870324 1 56000
2017880287 0 65000
2017880324 1 55000
2017890287 0 68000
2017890324 1 53000
2017900287 0 68000
2017900324 1 52000
2017910287 0 71000
2017910324 1 50000
2017920287 0 65000
2017920324 1 55000
2017930287 0 13000
2017930324 1 12000
2017940287 0 1000
2017940324 1 1000
2017950287 0 2000
2017950324 1 2000
2017960287 0 1000
2017960324 1 1000
2017970287 0 1000
2017970324 1 1000
2017980287 0 1000
2017980324 1 1000
2017990287 0 1000
2017990324 1 1000
2018000287 0 2000
2018000324 1 2000
2018010287 0 1000
2018010324 1 1000
2018020287 0 1000
2018020324 1 1000
2018030287 0 1000
2018030324 1 1000
2018040287 0 1000
2018040324 1 1000
2018050287 0 1000
2018050324 1 2000
2018060287 0 2000
2018060324 1 1000
2018070287 0 1000
2018070324 1 1000
2018080287 0 1000
2018080324 1 1000
2018090287 0 1000
2018090324 1 1000
2018100287 0 1000
2018100324 1 2000
2018110287 0 2000
2018110324 1 1000
2018120287 0 1000
2018120324 1 1000
2018130287 0 1000
2018130324 1 1000
2018140287 0 1000
2018140324 1 1000
2018150287 0 1000
2018150324 1 1000
2018160287 0 2000
2018160324 1 2000
2018170287 0 1000
2018170324 1 1000
2018180287 0 1000
2018180324 1 1000
2018190287 0 1000
2018190324 1 1000
2018200287 0 1000
2018200324 1 1000
2018210287 0 2000
2018210324 1 2000
2018220287 0 1000
2018220324 1 1000
2018230287 0 1000
2018230324 1 1000
2018240287 0 1000
2018240324 1 1000
2018250287 0 1000
2018250324 1 1000
2018260287 0 2000
2018260324 1 2000
2018270287 0 1000
2018270324 1 1000
2018280287 0 1000
2018280324 1 1000
2018290287 0 1000
2018290324 1 1000
2018300287 0 1000
2018300324 1 1000
2018310287 0 2000
2018310324 1 2000
2018320287 0 1000
2018320324 1 1000
2018330287 0 1000
2018330324 1 1000
2018340287 0 1000
2018340324 1 1000
2018350287 0 1000
2018350324 1 1000
2018360287 0 1000
2018360324 1 2000
2018370287 0 2000
2018370324 1 1000
2018380287 0 1000
2018380324 1 1000
2018390287 0 1000
2018390324 1 1000
2018400287 0 1000
2018400324 1 1000
2018410287 0 1000
2018410324 1 1000
2018420287 0 2000
2018420324 1 2000
2018430287 0 1000
2018430324 1 1000
2018440287 0 1000
2018440324 1 1000
2018450287 0 1000
2018450324 1 1000
2018460287 0 1000
2018460324 1 1000
2018470287 0 2000
2018470324 1 2000
2018480287 0 1000
2018480324 1 1000
2018490287 0 1000
2018490324 1 1000
2018500287 0 1000
2018500324 1 1000
2018510287 0 1000
2018510324 1 1000
2018520287 0 2000
2018520324 1 2000
2018530287 0 1000
2018530324 1 1000
2018540287 0 1000
2018540324 1 1000
2018550287 0 1000
2018550324 1 1000
2018560287 0 1000
2018560324 1 1000
2018570287 0 2000
2018570324 1 2000
2018580287 0 1000
2018580324 1 1000
2018590287 0 1000
2018590324 1 1000
2018600287 0 1000
2018600324 1 1000
2018610287 0 1000
2018610324 1 1000
2018620287 0 1000
2018620324 1 2000
2018630287 0 2000
2018630324 1 1000
2018640287 0 1000
2018640324 1 1000
2018650287 0 1000
2018650324 1 1000
2018660287 0 1000
2018660324 1 1000
2018670287 0 1000
2018670324 1 2000
2018680287 0 2000
2018680324 1 1000
2018690287 0 1000
2018690324 1 1000
2018700287 0 1000
2018700324 1 1000
2018710287 0 1000
2018710324 1 1000
2018720287 0 1000
2018720324 1 1000
2018730287 0 2000
2018730324 1 2000
2018740287 0 1000
2018740324 1 1000
2018750287 0 1000
2018750324 1 1000
2018760287 0 1000
2018760324 1 1000
2018770287 0 1000
2018770324 1 1000
2018780287 0 2000
2018780324 1 2000
2018790287 0 1000
2018790324 1 1000
2018800287 0 1000
2018800324 1 1000
2018810287 0 1000
2018810324 1 1000
2018820287 0 1000
2018820324 1 1000
2018830287 0 2000
2018830324 1 2000
2018840287 0 1000
2018840324 1 1000
2018850287 0 1000
2018850324 1 1000
2018860287 0 1000
2018860324 1 1000
2018870287 0 1000
2018870324 1 1000
2018880287 0 2000
2018880324 1 2000
2018890287 0 1000
2018890324 1 1000
2018900287 0 1000
2018900324 1 1000
2018910287 0 1000
2018910324 1 1000
2018920287 0 1000
2018920324 1 1000
2018930287 0 1000
2018930324 1 2000
2018940287 0 2000
2018940324 1 1000
2018950287 0 1000
2018950324 1 1000
2018960287 0 1000
2018960324 1 1000
2018970287 0 1000
2018970324 1 1000
2018980287 0 1000
2018980324 1 1000
2018990287 0 2000
2018990324 1 2000
2019000287 0 1000
2019000324 1 16000
2019010287 0 23000
2019010324 1 51000
2019020287 0 53000
2019020324 1 51000
2019030287 0 52000
2019030324 1 52000
2019040287 0 53000
2019040324 1 51000
2019050287 0 53000
2019050324 1 50000
2019060287 0 52000
2019060324 1 52000
2019070287 0 53000
2019070324 1 51000
2019080287 0 52000
2019080324 1 51000
2019090287 0 53000
2019090324 1 51000
2019100287 0 53000
2019100324 1 50000
2019110287 0 52000
2019110324 1 52000
2019120287 0 53000
2019120324 1 51000
2019130287 0 53000
2019130324 1 50000
2019140287 0 52000
2019140324 1 52000
2019150287 0 53000
2019150324 1 51000
2019160287 0 52000
2019160324 1 51000
2019170287 0 53000
2019170324 1 51000
2019180287 0 53000
2019180324 1 51000
2019190287 0 52000
2019190324 1 51000
2019200287 0 53000
2019200324 1 51000
2019210287 0 52000
2019210324 1 51000
2019220287 0 53000
2019220324 1 51000
2019230287 0 53000
2019230324 1 51000
2019240287 0 52000
2019240324 1 51000
2019250287 0 53000
2019250324 1 51000
2019260287 0 52000
2019260324 1 51000
2019270287 0 53000
2019270324 1 51000
2019280287 0 53000
2019280324 1 51000
2019290287 0 52000
2019290324 1 51000
2019300287 0 51000
2019300324 1 62000
2019310287 0 61000
2019310324 1 60000
2019320287 0 60000
2019320324 1 60000
2019330287 0 61000
2019330324 1 59000
2019340287 0 62000
2019340324 1 59000
2019350287 0 61000
2019350324 1 60000
2019360287 0 61000
2019360324 1 59000
2019370287 0 61000
2019370324 1 59000
2019380287 0 62000
2019380324 1 59000
2019390287 0 61000
2019390324 1 60000
2019400287 0 61000
2019400324 1 59000
2019410287 0 61000
2019410324 1 60000
2019420287 0 61000
2019420324 1 59000
2019430287 0 61000
2019430324 1 59000
2019440287 0 62000
2019440324 1 59000
2019450287 0 61000
2019450324 1 60000
2019460287 0 61000
2019460324 1 59000
2019470287 0 61000
2019470324 1 60000
2019480287 0 61000
2019480324 1 59000
2019490287 0 61000
2019490324 1 59000
2019500287 0 62000
2019500324 1 59000
2019510287 0 61000
2019510324 1 60000
2019520287 0 61000
2019520324 1 59000
2019530287 0 61000
2019530324 1 59000
2019540287 0 62000
2019540324 1 59000
2019550287 0 60000
2019550324 1 60000
2019560287 0 62000
2019560324 1 59000
2019570287 0 61000
2019570324 1 60000
2019580287 0 61000
2019580324 1 59000
2019590287 0 61000
2019590324 1 59000
2019600287 0 62000
2019600324 1 59000
2019610287 0 61000
2019610324 1 59000
2019620287 0 60000
2019620324 1 60000
2019630287 0 62000
2019630324 1 59000
2019640287 0 61000
2019640324 1 60000
2019650287 0 61000
2019650324 1 59000
2019660287 0 61000
2019660324 1 59000
2019670287 0 62000
2019670324 1 59000
2019680287 0 60000
2019680324 1 60000
2019690287 0 58000
2019690324 1 63000
2019700287 0 61000
2019700324 1 59000
2019710287 0 62000
2019710324 1 59000
2019720287 0 61000
2019720324 1 59000
2019730287 0 62000
2019730324 1 59000
2019740287 0 61000
2019740324 1 60000
2019750287 0 61000
2019750324 1 59000
2019760287 0 61000
2019760324 1 59000
2019770287 0 62000
2019770324 1 59000
2019780287 0 61000
2019780324 1 59000
2019790287 0 62000
2019790324 1 59000
2019800287 0 61000
2019800324 1 60000
2019810287 0 61000
2019810324 1 59000
2019820287 0 62000
2019820324 1 59000
2019830287 0 61000
2019830324 1 59000
2019840287 0 61000
2019840324 1 59000
2019850287 0 62000
2019850324 1 59000
2019860287 0 61000
2019860324 1 59000
2019870287 0 61000
2019870324 1 60000
2019880287 0 62000
2019880324 1 58000
2019890287 0 61000
2019890324 1 60000
2019900287 0 61000
2019900324 1 59000
2019910287 0 61000
2019910324 1 59000
2019920287 0 62000
2019920324 1 59000
2019930287 0 61000
2019930324 1 60000
2019940287 0 62000
2019940324 1 58000
2019950287 0 61000
2019950324 1 60000
2019960287 0 61000
2019960324 1 59000
2019970287 0 61000
2019970324 1 59000
2019980287 0 62000
2019980324 1 59000
2019990287 0 61000
2019990324 1 60000
2020000287 0 62000
2020000324 1 58000
2020010287 0 61000
2020010324 1 60000
2020020287 0 61000
2020020324 1 59000
2020030287 0 61000
2020030324 1 59000
2020040287 0 62000
2020040324 1 59000
2020050287 0 61000
2020050324 1 60000
2020060287 0 62000
2020060324 1 58000
2020070287 0 61000
2020070324 1 60000
2020080287 0 61000
2020080324 1 59000
2020090287 0 61000
2020090324 1 59000
2020100287 0 62000
2020100324 1 59000
2020110287 0 61000
2020110324 1 60000
2020120287 0 62000
2020120324 1 58000
2020130287 0 60000
2020130324 1 60000
2020140287 0 60000
2020140324 1 61000
2020150287 0 61000
2020150324 1 59000
2020160287 0 61000
2020160324 1 60000
2020170287 0 61000
2020170324 1 59000
2020180287 0 61000
2020180324 1 59000
2020190287 0 61000
2020190324 1 60000
2020200287 0 61000
2020200324 1 59000
2020210287 0 62000
2020210324 1 59000
2020220287 0 61000
2020220324 1 60000
2020230287 0 61000
2020230324 1 59000
2020240287 0 61000
2020240324 1 60000
2020250287 0 61000
2020250324 1 59000
2020260287 0 61000
2020260324 1 59000
2020270287 0 61000
2020270324 1 60000
2020280287 0 61000
2020280324 1 59000
2020290287 0 62000
2020290324 1 59000
2020300287 0 61000
2020300324 1 60000
2020310287 0 61000
2020310324 1 59000
2020320287 0 61000
2020320324 1 60000
2020330287 0 61000
2020330324 1 59000
2020340287 0 61000
2020340324 1 59000
2020350287 0 61000
2020350324 1 60000
2020360287 0 61000
2020360324 1 59000
2020370287 0 62000
2020370324 1 59000
2020380287 0 61000
2020380324 1 60000
2020390287 0 61000
2020390324 1 59000
2020400287 0 61000
2020400324 1 60000
2020410287 0 61000
2020410324 1 59000
2020420287 0 61000
2020420324 1 59000
2020430287 0 61000
2020430324 1 60000
2020440287 0 61000
2020440324 1 59000
2020450287 0 61000
2020450324 1 59000
2020460287 0 62000
2020460324 1 59000
2020470287 0 60000
2020470324 1 60000
2020480287 0 62000
2020480324 1 59000
2020490287 0 61000
2020490324 1 60000
2020500287 0 61000
2020500324 1 59000
2020510287 0 61000
2020510324 1 60000
2020520287 0 61000
2020520324 1 59000
2020530287 0 61000
2020530324 1 59000
2020540287 0 62000
2020540324 1 59000
2020550287 0 60000
2020550324 1 60000
2020560287 0 62000
2020560324 1 59000
2020570287 0 61000
2020570324 1 60000
2020580287 0 61000
2020580324 1 59000
2020590287 0 61000
2020590324 1 60000
2020600287 0 61000
2020600324 1 59000
2020610287 0 61000
2020610324 1 60000
2020620287 0 60000
2020620324 1 60000
2020630287 0 61000
2020630324 1 59000
2020640287 0 62000
2020640324 1 59000
2020650287 0 61000
2020650324 1 60000
2020660287 0 61000
2020660324 1 59000
2020670287 0 61000
2020670324 1 60000
2020680287 0 61000
2020680324 1 59000
2020690287 0 61000
2020690324 1 59000
2020700287 0 62000
2020700324 1 59000
2020710287 0 61000
2020710324 1 59000
2020720287 0 62000
2020720324 1 59000
2020730287 0 61000
2020730324 1 59000
2020740287 0 62000
2020740324 1 59000
2020750287 0 62000
2020750324 1 58000
2020760287 0 61000
2020760324 1 60000
2020770287 0 61000
2020770324 1 59000
2020780287 0 60000
2020780324 1 61000
2020790287 0 61000
2020790324 1 59000
2020800287 0 60000
2020800324 1 61000
2020810287 0 59000
2020810324 1 61000
2020820287 0 58000
2020820324 1 62000
2020830287 0 59000
2020830324 1 62000
2020840287 0 57000
2020840324 1 64000
2020850287 0 57000
2020850324 1 63000
2020860287 0 56000
2020860324 1 64000
2020870287 0 56000
2020870324 1 65000
2020880287 0 55000
2020880324 1 65000
2020890287 0 54000
2020890324 1 67000
2020900287 0 52000
2020900324 1 68000
2020910287 0 50000
2020910324 1 71000
2020920287 0 49000
2020920324 1 72000
2020930287 0 46000
2020930324 1 74000
2020940287 0 54000
2020940324 1 66000
2020950287 0 26000
2020950324 1 26000
2020960287 0 1000
2020960324 1 1000
2020970287 0 2000
2020970324 1 2000
2020980287 0 1000
2020980324 1 1000
2020990287 0 1000
2020990324 1 1000
2021000287 0 1000
2021000324 1 1000
2021010287 0 1000
2021010324 1 1000
2021020287 0 2000
2021020324 1 1000
2021030287 0 1000
2021030324 1 2000
2021040287 0 1000
2021040324 1 1000
2021050287 0 1000
2021050324 1 1000
2021060287 0 1000
2021060324 1 1000
2021070287 0 1000
2021070324 1 1000
2021080287 0 2000
2021080324 1 2000
2021090287 0 1000
2021090324 1 1000
2021100287 0 1000
2021100324 1 1000
2021110287 0 1000
2021110324 1 1000
2021120287 0 1000
2021120324 1 1000
2021130287 0 2000
2021130324 1 2000
2021140287 0 1000
2021140324 1 1000
2021150287 0 1000
2021150324 1 1000
2021160287 0 1000
2021160324 1 1000
2021170287 0 1000
2021170324 1 1000
2021180287 0 2000
2021180324 1 2000
2021190287 0 1000
2021190324 1 1000
2021200287 0 1000
2021200324 1 1000
2021210287 0 1000
2021210324 1 1000
2021220287 0 1000
2021220324 1 1000
2021230287 0 2000
2021230324 1 2000
2021240287 0 1000
2021240324 1 1000
2021250287 0 1000
2021250324 1 1000
2021260287 0 1000
2021260324 1 1000
2021270287 0 1000
2021270324 1 1000
2021280287 0 2000
2021280324 1 1000
2021290287 0 1000
2021290324 1 2000
2021300287 0 1000
2021300324 1 1000
2021310287 0 1000
2021310324 1 1000
2021320287 0 1000
2021320324 1 1000
2021330287 0 2000
2021330324 1 1000
2021340287 0 1000
2021340324 1 2000
2021350287 0 1000
2021350324 1 1000
2021360287 0 1000
2021360324 1 1000
2021370287 0 1000
2021370324 1 1000
2021380287 0 1000
2021380324 1 1000
2021390287 0 2000
2021390324 1 2000
2021400287 0 1000
2021400324 1 1000
2021410287 0 1000
2021410324 1 1000
2021420287 0 1000
2021420324 1 1000
2021430287 0 1000
2021430324 1 1000
2021440287 0 2000
2021440324 1 2000
2021450287 0 1000
2021450324 1 1000
2021460287 0 1000
2021460324 1 1000
2021470287 0 1000
2021470324 1 1000
2021480287 0 1000
2021480324 1 1000
2021490287 0 2000
2021490324 1 2000
2021500287 0 1000
2021500324 1 1000
2021510287 0 1000
2021510324 1 1000
2021520287 0 1000
2021520324 1 1000
2021530287 0 1000
2021530324 1 1000
2021540287 0 2000
2021540324 1 2000
2021550287 0 1000
2021550324 1 1000
2021560287 0 1000
2021560324 1 1000
2021570287 0 1000
2021570324 1 1000
2021580287 0 1000
2021580324 1 1000
2021590287 0 2000
2021590324 1 1000
2021600287 0 1000
2021600324 1 2000
2021610287 0 1000
2021610324 1 1000
2021620287 0 1000
2021620324 1 1000
2021630287 0 1000
2021630324 1 1000
2021640287 0 1000
2021640324 1 1000
2021650287 0 2000
2021650324 1 2000
2021660287 0 1000
2021660324 1 1000
2021670287 0 1000
2021670324 1 1000
2021680287 0 1000
2021680324 1 1000
2021690287 0 1000
2021690324 1 1000
2021700287 0 2000
2021700324 1 2000
2021710287 0 1000
2021710324 1 1000
2021720287 0 1000
2021720324 1 1000
2021730287 0 1000
2021730324 1 1000
2021740287 0 1000
2021740324 1 1000
2021750287 0 2000
2021750324 1 2000
2021760287 0 1000
2021760324 1 1000
2021770287 0 1000
2021770324 1 1000
2021780287 0 1000
2021780324 1 1000
2021790287 0 1000
2021790324 1 1000
2021800287 0 2000
2021800324 1 2000
2021810287 0 1000
2021810324 1 1000
2021820287 0 1000
2021820324 1 1000
2021830287 0 1000
2021830324 1 1000
2021840287 0 1000
2021840324 1 1000
2021850287 0 2000
2021850324 1 1000
2021860287 0 1000
2021860324 1 2000
2021870287 0 1000
2021870324 1 1000
2021880287 0 1000
2021880324 1 1000
2021890287 0 1000
2021890324 1 1000
2021900287 0 2000
2021900324 1 1000
2021910287 0 1000
2021910324 1 2000
2021920287 0 1000
2021920324 1 1000
2021930287 0 1000
2021930324 1 1000
2021940287 0 1000
2021940324 1 1000
2021950287 0 1000
2021950324 1 1000
2021960287 0 2000
2021960324 1 2000
2021970287 0 1000
2021970324 1 1000
2021980287 0 1000
2021980324 1 1000
2021990287 0 1000
2021990324 1 1000
2022000287 0 1000
2022000324 1 1000
2022010287 0 7000
2022010324 1 5000
2022020287 0 51000
2022020324 1 49000
2022030287 0 51000
2022030324 1 50000
2022040287 0 52000
2022040324 1 50000
2022050287 0 51000
2022050324 1 50000
2022060287 0 51000
2022060324 1 49000
2022070287 0 52000
2022070324 1 50000
2022080287 0 51000
2022080324 1 50000
2022090287 0 51000
2022090324 1 50000
2022100287 0 51000
2022100324 1 49000
2022110287 0 52000
2022110324 1 50000
2022120287 0 51000
2022120324 1 50000
2022130287 0 51000
2022130324 1 50000
2022140287 0 52000
2022140324 1 49000
2022150287 0 51000
2022150324 1 50000
2022160287 0 51000
2022160324 1 50000
2022170287 0 51000
2022170324 1 50000
2022180287 0 52000
2022180324 1 49000
2022190287 0 51000
2022190324 1 50000
2022200287 0 51000
2022200324 1 50000
2022210287 0 52000
2022210324 1 49000
2022220287 0 51000
2022220324 1 50000
2022230287 0 51000
2022230324 1 50000
2022240287 0 51000
2022240324 1 50000
2022250287 0 52000
2022250324 1 49000
2022260287 0 51000
2022260324 1 50000
2022270287 0 51000
2022270324 1 50000
2022280287 0 51000
2022280324 1 50000
2022290287 0 52000
2022290324 1 50000
2022300287 0 51000
2022300324 1 49000
2022310287 0 52000
2022310324 1 56000
2022320287 0 61000
2022320324 1 59000
2022330287 0 62000
2022330324 1 59000
2022340287 0 60000
2022340324 1 60000
2022350287 0 61000
2022350324 1 59000
2022360287 0 62000
2022360324 1 59000
2022370287 0 61000
2022370324 1 60000
2022380287 0 61000
2022380324 1 59000
2022390287 0 61000
2022390324 1 59000
2022400287 0 61000
2022400324 1 60000
2022410287 0 61000
2022410324 1 59000
2022420287 0 62000
2022420324 1 59000
2022430287 0 61000
2022430324 1 60000
2022440287 0 61000
2022440324 1 59000
2022450287 0 61000
2022450324 1 60000
2022460287 0 61000
2022460324 1 59000
2022470287 0 61000
2022470324 1 59000
2022480287 0 62000
2022480324 1 59000
2022490287 0 61000
2022490324 1 60000
2022500287 0 61000
2022500324 1 59000
2022510287 0 61000
2022510324 1 60000
2022520287 0 61000
2022520324 1 59000
2022530287 0 61000
2022530324 1 59000
2022540287 0 62000
2022540324 1 59000
2022550287 0 61000
2022550324 1 60000
2022560287 0 61000
2022560324 1 59000
2022570287 0 61000
2022570324 1 60000
2022580287 0 61000
2022580324 1 59000
2022590287 0 61000
2022590324 1 59000
2022600287 0 62000
2022600324 1 59000
2022610287 0 60000
2022610324 1 60000
2022620287 0 61000
2022620324 1 59000
2022630287 0 62000
2022630324 1 59000
2022640287 0 61000
2022640324 1 60000
2022650287 0 61000
2022650324 1 59000
2022660287 0 61000
2022660324 1 60000
2022670287 0 61000
2022670324 1 59000
2022680287 0 61000
2022680324 1 59000
2022690287 0 61000
2022690324 1 60000
2022700287 0 61000
2022700324 1 60000
2022710287 0 61000
2022710324 1 59000
2022720287 0 61000
2022720324 1 59000
2022730287 0 62000
2022730324 1 59000
2022740287 0 61000
2022740324 1 60000
2022750287 0 61000
2022750324 1 59000
2022760287 0 61000
2022760324 1 59000
2022770287 0 62000
2022770324 1 59000
2022780287 0 61000
2022780324 1 59000
2022790287 0 62000
2022790324 1 59000
2022800287 0 61000
2022800324 1 60000
2022810287 0 61000
2022810324 1 59000
2022820287 0 61000
2022820324 1 59000
2022830287 0 62000
2022830324 1 59000
2022840287 0 61000
2022840324 1 60000
2022850287 0 61000
2022850324 1 59000
2022860287 0 62000
2022860324 1 58000
2022870287 0 61000
2022870324 1 60000
2022880287 0 61000
2022880324 1 59000
2022890287 0 61000
2022890324 1 59000
2022900287 0 62000
2022900324 1 59000
2022910287 0 61000
2022910324 1 60000
2022920287 0 61000
2022920324 1 59000
2022930287 0 61000
2022930324 1 59000
2022940287 0 62000
2022940324 1 59000
2022950287 0 61000
2022950324 1 59000
2022960287 0 62000
2022960324 1 59000
2022970287 0 61000
2022970324 1 60000
2022980287 0 61000
2022980324 1 59000
2022990287 0 61000
2022990324 1 59000
2023000287 0 62000
2023000324 1 59000
2023010287 0 61000
2023010324 1 60000
2023020287 0 61000
2023020324 1 59000
2023030287 0 62000
2023030324 1 59000
2023040287 0 61000
2023040324 1 59000
2023050287 0 61000
2023050324 1 59000
2023060287 0 62000
2023060324 1 59000
2023070287 0 61000
2023070324 1 60000
2023080287 0 61000
2023080324 1 59000
2023090287 0 61000
2023090324 1 59000
2023100287 0 62000
2023100324 1 59000
2023110287 0 61000
2023110324 1 60000
2023120287 0 61000
2023120324 1 59000
2023130287 0 61000
2023130324 1 59000
2023140287 0 62000
2023140324 1 59000
2023150287 0 61000
2023150324 1 59000
2023160287 0 61000
2023160324 1 60000
2023170287 0 62000
2023170324 1 58000
2023180287 0 61000
2023180324 1 60000
2023190287 0 61000
2023190324 1 59000
2023200287 0 61000
2023200324 1 59000
2023210287 0 62000
2023210324 1 59000
2023220287 0 61000
2023220324 1 59000
2023230287 0 62000
2023230324 1 59000
2023240287 0 61000
2023240324 1 59000
2023250287 0 62000
2023250324 1 59000
2023260287 0 61000
2023260324 1 60000
2023270287 0 61000
2023270324 1 59000
2023280287 0 62000
2023280324 1 59000
2023290287 0 61000
2023290324 1 59000
2023300287 0 61000
2023300324 1 59000
2023310287 0 62000
2023310324 1 59000
2023320287 0 61000
2023320324 1 59000
2023330287 0 62000
2023330324 1 59000
2023340287 0 61000
2023340324 1 60000
2023350287 0 62000
2023350324 1 58000
2023360287 0 61000
2023360324 1 60000
2023370287 0 61000
2023370324 1 59000
2023380287 0 61000
2023380324 1 59000
2023390287 0 62000
2023390324 1 59000
2023400287 0 61000
2023400324 1 59000
2023410287 0 62000
2023410324 1 59000
2023420287 0 61000
2023420324 1 59000
2023430287 0 62000
2023430324 1 59000
2023440287 0 61000
2023440324 1 59000
2023450287 0 61000
2023450324 1 60000
2023460287 0 62000
2023460324 1 58000
2023470287 0 61000
2023470324 1 60000
2023480287 0 61000
2023480324 1 59000
2023490287 0 61000
2023490324 1 59000
2023500287 0 62000
2023500324 1 59000
2023510287 0 61000
2023510324 1 59000
2023520287 0 62000
2023520324 1 59000
2023530287 0 61000
2023530324 1 60000
2023540287 0 62000
2023540324 1 58000
2023550287 0 61000
2023550324 1 60000
2023560287 0 61000
2023560324 1 59000
2023570287 0 62000
2023570324 1 59000
2023580287 0 61000
2023580324 1 59000
2023590287 0 61000
2023590324 1 60000
2023600287 0 61000
2023600324 1 59000
2023610287 0 61000
2023610324 1 59000
2023620287 0 62000
2023620324 1 59000
2023630287 0 60000
2023630324 1 60000
2023640287 0 62000
2023640324 1 59000
2023650287 0 61000
2023650324 1 60000
2023660287 0 61000
2023660324 1 59000
2023670287 0 61000
2023670324 1 59000
2023680287 0 61000
2023680324 1 60000
2023690287 0 61000
2023690324 1 59000
2023700287 0 62000
2023700324 1 59000
2023710287 0 61000
2023710324 1 59000
2023720287 0 61000
2023720324 1 59000
2023730287 0 62000
2023730324 1 59000
2023740287 0 61000
2023740324 1 60000
2023750287 0 62000
2023750324 1 58000
2023760287 0 61000
2023760324 1 59000
2023770287 0 62000
2023770324 1 59000
2023780287 0 61000
2023780324 1 60000
2023790287 0 62000
2023790324 1 58000
2023800287 0 61000
2023800324 1 59000
2023810287 0 63000
2023810324 1 58000
2023820287 0 62000
2023820324 1 59000
2023830287 0 63000
2023830324 1 57000
2023840287 0 63000
2023840324 1 57000
2023850287 0 65000
2023850324 1 56000
2023860287 0 64000
2023860324 1 57000
2023870287 0 61000
2023870324 1 59000
2023880287 0 60000
2023880324 1 61000
2023890287 0 57000
2023890324 1 63000
2023900287 0 55000
2023900324 1 65000
2023910287 0 54000
2023910324 1 67000
2023920287 0 51000
2023920324 1 70000
2023930287 0 54000
2023930324 1 66000
2023940287 0 23000
2023940324 1 23000
2023950287 0 2000
2023950324 1 1000
2023960287 0 1000
2023960324 1 2000
2023970287 0 1000
2023970324 1 1000
2023980287 0 1000
2023980324 1 1000
2023990287 0 1000
2023990324 1 1000
2024000287 0 2000
2024000324 1 1000
2024010287 0 1000
2024010324 1 2000
2024020287 0 1000
2024020324 1 1000
2024030287 0 1000
2024030324 1 1000
2024040287 0 1000
2024040324 1 1000
2024050287 0 2000
2024050324 1 1000
2024060287 0 1000
2024060324 1 2000
2024070287 0 1000
2024070324 1 1000
2024080287 0 1000
2024080324 1 1000
2024090287 0 1000
2024090324 1 1000
2024100287 0 1000
2024100324 1 1000
2024110287 0 2000
2024110324 1 2000
2024120287 0 1000
2024120324 1 1000
2024130287 0 1000
2024130324 1 1000
2024140287 0 1000
2024140324 1 1000
2024150287 0 1000
2024150324 1 1000
2024160287 0 2000
2024160324 1 1000
2024170287 0 1000
2024170324 1 2000
2024180287 0 1000
2024180324 1 1000
2024190287 0 1000
2024190324 1 1000
2024200287 0 1000
2024200324 1 1000
2024210287 0 2000
2024210324 1 1000
2024220287 0 1000
2024220324 1 2000
2024230287 0 1000
2024230324 1 1000
2024240287 0 1000
2024240324 1 1000
2024250287 0 1000
2024250324 1 1000
2024260287 0 2000
2024260324 1 1000
2024270287 0 1000
2024270324 1 2000
2024280287 0 1000
2024280324 1 1000
2024290287 0 1000
2024290324 1 1000
2024300287 0 1000
2024300324 1 1000
2024310287 0 2000
2024310324 1 1000
2024320287 0 1000
2024320324 1 2000
2024330287 0 1000
2024330324 1 1000
2024340287 0 1000
2024340324 1 1000
2024350287 0 1000
2024350324 1 1000
2024360287 0 2000
2024360324 1 1000
2024370287 0 1000
2024370324 1 2000
2024380287 0 1000
2024380324 1 1000
2024390287 0 1000
2024390324 1 1000
2024400287 0 1000
2024400324 1 1000
2024410287 0 1000
2024410324 1 1000
2024420287 0 2000
2024420324 1 1000
2024430287 0 1000
2024430324 1 2000
2024440287 0 1000
2024440324 1 1000
2024450287 0 1000
2024450324 1 1000
2024460287 0 1000
2024460324 1 1000
2024470287 0 2000
2024470324 1 1000
2024480287 0 1000
2024480324 1 2000
2024490287 0 1000
2024490324 1 1000
2024500287 0 1000
2024500324 1 1000
2024510287 0 1000
2024510324 1 1000
2024520287 0 2000
2024520324 1 1000
2024530287 0 1000
2024530324 1 2000
2024540287 0 1000
2024540324 1 1000
2024550287 0 1000
2024550324 1 1000
2024560287 0 1000
2024560324 1 1000
2024570287 0 2000
2024570324 1 1000
2024580287 0 1000
2024580324 1 2000
2024590287 0 1000
2024590324 1 1000
2024600287 0 1000
2024600324 1 1000
2024610287 0 1000
2024610324 1 1000
2024620287 0 2000
2024620324 1 1000
2024630287 0 1000
2024630324 1 2000
2024640287 0 1000
2024640324 1 1000
2024650287 0 1000
2024650324 1 1000
2024660287 0 1000
2024660324 1 1000
2024670287 0 1000
2024670324 1 1000
2024680287 0 2000
2024680324 1 1000
2024690287 0 1000
2024690324 1 2000
2024700287 0 1000
2024700324 1 1000
2024710287 0 1000
2024710324 1 1000
2024720287 0 1000
2024720324 1 1000
2024730287 0 2000
2024730324 1 1000
2024740287 0 1000
2024740324 1 2000
2024750287 0 1000
2024750324 1 1000
2024760287 0 1000
2024760324 1 1000
2024770287 0 1000
2024770324 1 1000
2024780287 0 2000
2024780324 1 1000
2024790287 0 1000
2024790324 1 2000
2024800287 0 1000
2024800324 1 1000
2024810287 0 1000
2024810324 1 1000
2024820287 0 1000
2024820324 1 1000
2024830287 0 2000
2024830324 1 1000
2024840287 0 1000
2024840324 1 2000
2024850287 0 1000
2024850324 1 1000
2024860287 0 1000
2024860324 1 1000
2024870287 0 1000
2024870324 1 1000
2024880287 0 2000
2024880324 1 1000
2024890287 0 1000
2024890324 1 2000
2024900287 0 1000
2024900324 1 1000
2024910287 0 1000
2024910324 1 1000
2024920287 0 1000
2024920324 1 1000
2024930287 0 1000
2024930324 1 1000
2024940287 0 2000
2024940324 1 2000
2024950287 0 1000
2024950324 1 1000
2024960287 0 1000
2024960324 1 1000
2024970287 0 1000
2024970324 1 1000
2024980287 0 1000
2024980324 1 1000
2024990287 0 2000
2024990324 1 1000
2025000287 0 1000
2025000324 1 2000
2025010287 0 1000
2025010324 1 15000
2025020287 0 1000
2025020324 1 49000
2025030287 0 39000
2025030324 1 48000
2025040287 0 50000
2025040324 1 49000
2025050287 0 50000
2025050324 1 48000
2025060287 0 50000
2025060324 1 49000
2025070287 0 50000
2025070324 1 48000
2025080287 0 50000
2025080324 1 49000
2025090287 0 50000
2025090324 1 49000
2025100287 0 50000
2025100324 1 48000
2025110287 0 50000
2025110324 1 49000
2025120287 0 50000
2025120324 1 48000
2025130287 0 50000
2025130324 1 49000
2025140287 0 50000
2025140324 1 48000
2025150287 0 50000
2025150324 1 49000
2025160287 0 50000
2025160324 1 48000
2025170287 0 50000
2025170324 1 49000
2025180287 0 50000
2025180324 1 48000
2025190287 0 50000
2025190324 1 49000
2025200287 0 50000
2025200324 1 49000
2025210287 0 50000
2025210324 1 48000
2025220287 0 50000
2025220324 1 49000
2025230287 0 50000
2025230324 1 48000
2025240287 0 50000
2025240324 1 49000
2025250287 0 50000
2025250324 1 48000
2025260287 0 50000
2025260324 1 49000
2025270287 0 50000
2025270324 1 48000
2025280287 0 50000
2025280324 1 49000
2025290287 0 50000
2025290324 1 48000
2025300287 0 50000
2025300324 1 49000
2025310287 0 50000
2025310324 1 56000
2025320287 0 53000
2025320324 1 68000
2025330287 0 61000
2025330324 1 59000
2025340287 0 61000
2025340324 1 60000
2025350287 0 61000
2025350324 1 59000
2025360287 0 61000
2025360324 1 59000
2025370287 0 62000
2025370324 1 59000
2025380287 0 60000
2025380324 1 60000
2025390287 0 62000
2025390324 1 59000
2025400287 0 61000
2025400324 1 60000
2025410287 0 61000
2025410324 1 59000
2025420287 0 61000
2025420324 1 59000
2025430287 0 61000
2025430324 1 60000
2025440287 0 61000
2025440324 1 59000
2025450287 0 62000
2025450324 1 59000
2025460287 0 61000
2025460324 1 60000
2025470287 0 61000
2025470324 1 59000
2025480287 0 61000
2025480324 1 60000
2025490287 0 61000
2025490324 1 59000
2025500287 0 61000
2025500324 1 59000
2025510287 0 61000
2025510324 1 60000
2025520287 0 61000
2025520324 1 59000
2025530287 0 62000
2025530324 1 59000
2025540287 0 61000
2025540324 1 60000
2025550287 0 61000
2025550324 1 59000
2025560287 0 61000
2025560324 1 59000
2025570287 0 61000
2025570324 1 60000
2025580287 0 61000
2025580324 1 59000
2025590287 0 61000
2025590324 1 59000
2025600287 0 61000
2025600324 1 60000
2025610287 0 61000
2025610324 1 59000
2025620287 0 62000
2025620324 1 59000
2025630287 0 61000
2025630324 1 60000
2025640287 0 61000
2025640324 1 59000
2025650287 0 61000
2025650324 1 60000
2025660287 0 61000
2025660324 1 59000
2025670287 0 61000
2025670324 1 59000
2025680287 0 57000
2025680324 1 64000
2025690287 0 60000
2025690324 1 61000
2025700287 0 61000
2025700324 1 59000
2025710287 0 61000
2025710324 1 59000
2025720287 0 62000
2025720324 1 59000
2025730287 0 61000
2025730324 1 60000
2025740287 0 61000
2025740324 1 59000
2025750287 0 61000
2025750324 1 59000
2025760287 0 62000
2025760324 1 59000
2025770287 0 61000
2025770324 1 60000
2025780287 0 61000
2025780324 1 59000
2025790287 0 61000
2025790324 1 59000
2025800287 0 62000
2025800324 1 59000
2025810287 0 61000
2025810324 1 59000
2025820287 0 62000
2025820324 1 59000
2025830287 0 61000
2025830324 1 59000
2025840287 0 61000
2025840324 1 60000
2025850287 0 61000
2025850324 1 59000
2025860287 0 61000
2025860324 1 59000
2025870287 0 62000
2025870324 1 59000
2025880287 0 61000
2025880324 1 60000
2025890287 0 61000
2025890324 1 59000
2025900287 0 61000
2025900324 1 59000
2025910287 0 62000
2025910324 1 59000
2025920287 0 61000
2025920324 1 60000
2025923118 0 18000
2025923118 0 18000
2025930324 1 102000
2025940324 1 121000
2025950324 1 120000
2025960324 1 121000
2025970324 1 120000
2025980324 1 121000
2025990324 1 120000
2026000324 1 121000
2026010324 1 120000
2026020324 1 121000
2026030324 1 120000
2026040324 1 121000
2026050324 1 120000
2026060324 1 121000
2026070324 1 120000
2026080324 1 121000
2026090324 1 120000
2026100324 1 121000
2026103228 1 35000
2026103228 1 35000
