time: 2000000000
32 1 1
32 2 1
32 3 1
32 4 1
33 1 1
33 2 1
33 3 1
33 4 1
34 1 1
34 2 1
34 3 1
34 4 1
35 1 1
35 2 1
35 3 1
35 4 1
36 1 1
36 2 1
36 3 1
36 4 1
37 1 1
37 2 1
37 3 1
37 4 1
38 1 1
38 2 1
38 3 1
38 4 1
39 1 1
39 2 1
39 3 1
39 4 1
40 1 1
40 2 1
40 3 1
40 4 1
41 1 1
41 2 1
41 3 1
41 4 1
42 1 1
42 2 1
42 3 1
42 4 1
43 1 1
43 2 1
43 3 1
43 4 1
44 1 1
44 2 1
44 3 1
44 4 1
45 1 1
45 2 1
45 3 1
45 4 1
46 1 1
46 2 1
46 3 1
46 4 1
47 1 1
47 2 1
47 3 1
47 4 1
48 1 1
48 2 1
48 3 1
48 4 1
49 1 1
49 2 1
49 3 1
49 4 1
50 1 1
50 2 1
50 3 1
50 4 1
51 1 1
51 2 1
51 3 1
51 4 1
52 1 1
52 2 1
52 3 1
52 4 1
53 1 1
53 2 1
53 3 1
53 4 1
54 1 1
54 2 1
54 3 1
54 4 1
55 1 1
55 2 1
55 3 1
55 4 1
56 1 1
56 2 1
56 3 1
56 4 1
57 1 1
57 2 1
57 3 1
57 4 1
58 1 1
58 2 1
58 3 1
58 4 1
59 1 1
59 2 1
59 3 1
59 4 1
60 1 1
60 2 1
60 3 1
60 4 1
61 1 1
61 2 1
61 3 1
61 4 1
62 1 1
62 2 1
62 3 1
62 4 1
63 1 1
63 2 1
63 3 1
63 4 1
64 1 1
64 2 1
64 3 1
64 4 1
64 5 1
65 1 1
65 2 1
65 3 1
65 4 1
65 5 1
66 1 1
66 2 1
66 3 1
66 4 1
66 5 1
67 1 1
67 2 1
67 3 1
67 4 1
67 5 1
68 1 1
68 2 1
68 3 1
68 4 1
68 5 1
69 1 1
69 2 1
69 3 1
69 4 1
69 5 1
70 1 1
70 2 1
70 3 1
70 4 1
70 5 1
71 1 1
71 2 1
71 3 1
71 4 1
71 5 1
72 1 1
72 2 1
72 3 1
72 4 1
72 5 1
73 1 1
73 2 1
73 3 1
73 4 1
73 5 1
time: 2100000000
32 1 2
32 2 2
32 3 2
32 4 2
33 1 2
33 2 2
33 3 2
33 4 2
34 1 2
34 2 2
34 3 2
34 4 2
35 1 2
35 2 2
35 3 2
35 4 2
36 1 2
36 2 2
36 3 2
36 4 2
37 1 2
37 2 2
37 3 2
37 4 2
38 1 2
38 2 2
38 3 2
38 4 2
39 1 2
39 2 2
39 3 2
39 4 2
40 1 2
40 2 2
40 3 2
40 4 2
41 1 2
41 2 2
41 3 2
41 4 2
42 1 2
42 2 2
42 3 2
42 4 2
43 1 2
43 2 2
43 3 2
43 4 2
44 1 2
44 2 2
44 3 2
44 4 2
45 1 2
45 2 2
45 3 2
45 4 2
46 1 2
46 2 2
46 3 2
46 4 2
47 1 2
47 2 2
47 3 2
47 4 2
48 1 2
48 2 2
48 3 2
48 4 2
49 1 2
49 2 2
49 3 2
49 4 2
50 1 2
50 2 2
50 3 2
50 4 2
51 1 2
51 2 2
51 3 2
51 4 2
52 1 2
52 2 2
52 3 2
52 4 2
53 1 2
53 2 2
53 3 2
53 4 2
54 1 2
54 2 2
54 3 2
54 4 2
55 1 2
55 2 2
55 3 2
55 4 2
56 1 2
56 2 2
56 3 2
56 4 2
57 1 2
57 2 2
57 3 2
57 4 2
58 1 2
58 2 2
58 3 2
58 4 2
59 1 2
59 2 2
59 3 2
59 4 2
60 1 2
60 2 2
60 3 2
60 4 2
61 1 2
61 2 2
61 3 2
61 4 2
62 1 2
62 2 2
62 3 2
62 4 2
63 1 2
63 2 2
63 3 2
63 4 2
64 1 2
64 2 2
64 3 2
64 4 2
64 5 2
65 1 2
65 2 2
65 3 2
65 4 2
65 5 2
66 1 2
66 2 2
66 3 2
66 4 2
66 5 2
67 1 2
67 2 2
67 3 2
67 4 2
67 5 2
68 1 2
68 2 2
68 3 2
68 4 2
68 5 2
69 1 2
69 2 2
69 3 2
69 4 2
69 5 2
70 1 2
70 2 2
70 3 2
70 4 2
70 5 2
71 1 2
71 2 2
71 3 2
71 4 2
71 5 2
72 1 2
72 2 2
72 3 2
72 4 2
72 5 2
73 1 2
73 2 2
73 3 2
73 4 2
73 5 2
time: 2200000000
32 1 3
32 2 3
32 3 3
32 4 3
33 1 3
33 2 3
33 3 3
33 4 3
34 1 3
34 2 3
34 3 3
34 4 3
35 1 3
35 2 3
35 3 3
35 4 3
36 1 3
36 2 3
36 3 3
36 4 3
37 1 3
37 2 3
37 3 3
37 4 3
38 1 3
38 2 3
38 3 3
38 4 3
39 1 3
39 2 3
39 3 3
39 4 3
40 1 3
40 2 3
40 3 3
40 4 3
41 1 3
41 2 3
41 3 3
41 4 3
42 1 3
42 2 3
42 3 3
42 4 3
43 1 3
43 2 3
43 3 3
43 4 3
44 1 3
44 2 3
44 3 3
44 4 3
45 1 3
45 2 3
45 3 3
45 4 3
46 1 3
46 2 3
46 3 3
46 4 3
47 1 3
47 2 3
47 3 3
47 4 3
48 1 3
48 2 3
48 3 3
48 4 3
49 1 3
49 2 3
49 3 3
49 4 3
50 1 3
50 2 3
50 3 3
50 4 3
51 1 3
51 2 3
51 3 3
51 4 3
52 1 3
52 2 3
52 3 3
52 4 3
53 1 3
53 2 3
53 3 3
53 4 3
54 1 3
54 2 3
54 3 3
54 4 3
55 1 3
55 2 3
55 3 3
55 4 3
56 1 3
56 2 3
56 3 3
56 4 3
57 1 3
57 2 3
57 3 3
57 4 3
58 1 3
58 2 3
58 3 3
58 4 3
59 1 3
59 2 3
59 3 3
59 4 3
60 1 3
60 2 3
60 3 3
60 4 3
61 1 3
61 2 3
61 3 3
61 4 3
62 1 3
62 2 3
62 3 3
62 4 3
63 1 3
63 2 3
63 3 3
63 4 3
64 1 3
64 2 3
64 3 3
64 4 3
64 5 3
65 1 3
65 2 3
65 3 3
65 4 3
65 5 3
66 1 3
66 2 3
66 3 3
66 4 3
66 5 3
67 1 3
67 2 3
67 3 3
67 4 3
67 5 3
68 1 3
68 2 3
68 3 3
68 4 3
68 5 3
69 1 3
69 2 3
69 3 3
69 4 3
69 5 3
70 1 3
70 2 3
70 3 3
70 4 3
70 5 3
71 1 3
71 2 3
71 3 3
71 4 3
71 5 3
72 1 3
72 2 3
72 3 3
72 4 3
72 5 3
73 1 3
73 2 3
73 3 3
73 4 3
73 5 3
time: 2300000000
32 1 4
32 2 4
32 3 4
32 4 4
33 1 4
33 2 4
33 3 4
33 4 4
34 1 4
34 2 4
34 3 4
34 4 4
35 1 4
35 2 4
35 3 4
35 4 4
36 1 4
36 2 4
36 3 4
36 4 4
37 1 4
37 2 4
37 3 4
37 4 4
38 1 4
38 2 4
38 3 4
38 4 4
39 1 4
39 2 4
39 3 4
39 4 4
40 1 4
40 2 4
40 3 4
40 4 4
41 1 4
41 2 4
41 3 4
41 4 4
42 1 4
42 2 4
42 3 4
42 4 4
43 1 4
43 2 4
43 3 4
43 4 4
44 1 4
44 2 4
44 3 4
44 4 4
45 1 4
45 2 4
45 3 4
45 4 4
46 1 4
46 2 4
46 3 4
46 4 4
47 1 4
47 2 4
47 3 4
47 4 4
48 1 4
48 2 4
48 3 4
48 4 4
49 1 4
49 2 4
49 3 4
49 4 4
50 1 4
50 2 4
50 3 4
50 4 4
51 1 4
51 2 4
51 3 4
51 4 4
52 1 4
52 2 4
52 3 4
52 4 4
53 1 4
53 2 4
53 3 4
53 4 4
54 1 4
54 2 4
54 3 4
54 4 4
55 1 4
55 2 4
55 3 4
55 4 4
56 1 4
56 2 4
56 3 4
56 4 4
57 1 4
57 2 4
57 3 4
57 4 4
58 1 4
58 2 4
58 3 4
58 4 4
59 1 4
59 2 4
59 3 4
59 4 4
60 1 4
60 2 4
60 3 4
60 4 4
61 1 4
61 2 4
61 3 4
61 4 4
62 1 4
62 2 4
62 3 4
62 4 4
63 1 4
63 2 4
63 3 4
63 4 4
64 1 4
64 2 4
64 3 4
64 4 4
64 5 4
65 1 4
65 2 4
65 3 4
65 4 4
65 5 4
66 1 4
66 2 4
66 3 4
66 4 4
66 5 4
67 1 4
67 2 4
67 3 4
67 4 4
67 5 4
68 1 4
68 2 4
68 3 4
68 4 4
68 5 4
69 1 4
69 2 4
69 3 4
69 4 4
69 5 4
70 1 4
70 2 4
70 3 4
70 4 4
70 5 4
71 1 4
71 2 4
71 3 4
71 4 4
71 5 4
72 1 4
72 2 4
72 3 4
72 4 4
72 5 4
73 1 4
73 2 4
73 3 4
73 4 4
73 5 4
time: 2400000000
32 1 5
32 2 5
32 3 5
32 4 5
33 1 5
33 2 5
33 3 5
33 4 5
34 1 5
34 2 5
34 3 5
34 4 5
35 1 5
35 2 5
35 3 5
35 4 5
36 1 5
36 2 5
36 3 5
36 4 5
37 1 5
37 2 5
37 3 5
37 4 5
38 1 5
38 2 5
38 3 5
38 4 5
39 1 5
39 2 5
39 3 5
39 4 5
40 1 5
40 2 5
40 3 5
40 4 5
41 1 5
41 2 5
41 3 5
41 4 5
42 1 5
42 2 5
42 3 5
42 4 5
43 1 5
43 2 5
43 3 5
43 4 5
44 1 5
44 2 5
44 3 5
44 4 5
45 1 5
45 2 5
45 3 5
45 4 5
46 1 5
46 2 5
46 3 5
46 4 5
47 1 5
47 2 5
47 3 5
47 4 5
48 1 5
48 2 5
48 3 5
48 4 5
49 1 5
49 2 5
49 3 5
49 4 5
50 1 5
50 2 5
50 3 5
50 4 5
51 1 5
51 2 5
51 3 5
51 4 5
52 1 5
52 2 5
52 3 5
52 4 5
53 1 5
53 2 5
53 3 5
53 4 5
54 1 5
54 2 5
54 3 5
54 4 5
55 1 5
55 2 5
55 3 5
55 4 5
56 1 5
56 2 5
56 3 5
56 4 5
57 1 5
57 2 5
57 3 5
57 4 5
58 1 5
58 2 5
58 3 5
58 4 5
59 1 5
59 2 5
59 3 5
59 4 5
60 1 5
60 2 5
60 3 5
60 4 5
61 1 5
61 2 5
61 3 5
61 4 5
62 1 5
62 2 5
62 3 5
62 4 5
63 1 5
63 2 5
63 3 5
63 4 5
64 1 5
64 2 5
64 3 5
64 4 5
64 5 5
65 1 5
65 2 5
65 3 5
65 4 5
65 5 5
66 1 5
66 2 5
66 3 5
66 4 5
66 5 5
67 1 5
67 2 5
67 3 5
67 4 5
67 5 5
68 1 5
68 2 5
68 3 5
68 4 5
68 5 5
69 1 5
69 2 5
69 3 5
69 4 5
69 5 5
70 1 5
70 2 5
70 3 5
70 4 5
70 5 5
71 1 5
71 2 5
71 3 5
71 4 5
71 5 5
72 1 5
72 2 5
72 3 5
72 4 5
72 5 5
73 1 5
73 2 5
73 3 5
73 4 5
73 5 5
time: 2500000000
32 1 6
32 2 6
32 3 6
32 4 6
33 1 6
33 2 6
33 3 6
33 4 6
34 1 6
34 2 6
34 3 6
34 4 6
35 1 6
35 2 6
35 3 6
35 4 6
36 1 6
36 2 6
36 3 6
36 4 6
37 1 6
37 2 6
37 3 6
37 4 6
38 1 6
38 2 6
38 3 6
38 4 6
39 1 6
39 2 6
39 3 6
39 4 6
40 1 6
40 2 6
40 3 6
40 4 6
41 1 6
41 2 6
41 3 6
41 4 6
42 1 6
42 2 6
42 3 6
42 4 6
43 1 6
43 2 6
43 3 6
43 4 6
44 1 6
44 2 6
44 3 6
44 4 6
45 1 6
45 2 6
45 3 6
45 4 6
46 1 6
46 2 6
46 3 6
46 4 6
47 1 6
47 2 6
47 3 6
47 4 6
48 1 6
48 2 6
48 3 6
48 4 6
49 1 6
49 2 6
49 3 6
49 4 6
50 1 6
50 2 6
50 3 6
50 4 6
51 1 6
51 2 6
51 3 6
51 4 6
52 1 6
52 2 6
52 3 6
52 4 6
53 1 6
53 2 6
53 3 6
53 4 6
54 1 6
54 2 6
54 3 6
54 4 6
55 1 6
55 2 6
55 3 6
55 4 6
56 1 6
56 2 6
56 3 6
56 4 6
57 1 6
57 2 6
57 3 6
57 4 6
58 1 6
58 2 6
58 3 6
58 4 6
59 1 6
59 2 6
59 3 6
59 4 6
60 1 6
60 2 6
60 3 6
60 4 6
61 1 6
61 2 6
61 3 6
61 4 6
62 1 6
62 2 6
62 3 6
62 4 6
63 1 6
63 2 6
63 3 6
63 4 6
64 1 6
64 2 6
64 3 6
64 4 6
64 5 6
65 1 6
65 2 6
65 3 6
65 4 6
65 5 6
66 1 6
66 2 6
66 3 6
66 4 6
66 5 6
67 1 6
67 2 6
67 3 6
67 4 6
67 5 6
68 1 6
68 2 6
68 3 6
68 4 6
68 5 6
69 1 6
69 2 6
69 3 6
69 4 6
69 5 6
70 1 6
70 2 6
70 3 6
70 4 6
70 5 6
71 1 6
71 2 6
71 3 6
71 4 6
71 5 6
72 1 6
72 2 6
72 3 6
72 4 6
72 5 6
73 1 6
73 2 6
73 3 6
73 4 6
73 5 6
time: 2600000000
32 1 7
32 2 7
32 3 7
32 4 7
33 1 7
33 2 7
33 3 7
33 4 7
34 1 7
34 2 7
34 3 7
34 4 7
35 1 7
35 2 7
35 3 7
35 4 7
36 1 7
36 2 7
36 3 7
36 4 7
37 1 7
37 2 7
37 3 7
37 4 7
38 1 7
38 2 7
38 3 7
38 4 7
39 1 7
39 2 7
39 3 7
39 4 7
40 1 7
40 2 7
40 3 7
40 4 7
41 1 7
41 2 7
41 3 7
41 4 7
42 1 7
42 2 7
42 3 7
42 4 7
43 1 7
43 2 7
43 3 7
43 4 7
44 1 7
44 2 7
44 3 7
44 4 7
45 1 7
45 2 7
45 3 7
45 4 7
46 1 7
46 2 7
46 3 7
46 4 7
47 1 7
47 2 7
47 3 7
47 4 7
48 1 7
48 2 7
48 3 7
48 4 7
49 1 7
49 2 7
49 3 7
49 4 7
50 1 7
50 2 7
50 3 7
50 4 7
51 1 7
51 2 7
51 3 7
51 4 7
52 1 7
52 2 7
52 3 7
52 4 7
53 1 7
53 2 7
53 3 7
53 4 7
54 1 7
54 2 7
54 3 7
54 4 7
55 1 7
55 2 7
55 3 7
55 4 7
56 1 7
56 2 7
56 3 7
56 4 7
57 1 7
57 2 7
57 3 7
57 4 7
58 1 7
58 2 7
58 3 7
58 4 7
59 1 7
59 2 7
59 3 7
59 4 7
60 1 7
60 2 7
60 3 7
60 4 7
61 1 7
61 2 7
61 3 7
61 4 7
62 1 7
62 2 7
62 3 7
62 4 7
63 1 7
63 2 7
63 3 7
63 4 7
64 1 7
64 2 7
64 3 7
64 4 7
64 5 7
65 1 7
65 2 7
65 3 7
65 4 7
65 5 7
66 1 7
66 2 7
66 3 7
66 4 7
66 5 7
67 1 7
67 2 7
67 3 7
67 4 7
67 5 7
68 1 7
68 2 7
68 3 7
68 4 7
68 5 7
69 1 7
69 2 7
69 3 7
69 4 7
69 5 7
70 1 7
70 2 7
70 3 7
70 4 7
70 5 7
71 1 7
71 2 7
71 3 7
71 4 7
71 5 7
72 1 7
72 2 7
72 3 7
72 4 7
72 5 7
73 1 7
73 2 7
73 3 7
73 4 7
73 5 7
time: 2700000000
32 1 8
32 2 8
32 3 8
32 4 8
33 1 8
33 2 8
33 3 8
33 4 8
34 1 8
34 2 8
34 3 8
34 4 8
35 1 8
35 2 8
35 3 8
35 4 8
36 1 8
36 2 8
36 3 8
36 4 8
37 1 8
37 2 8
37 3 8
37 4 8
38 1 8
38 2 8
38 3 8
38 4 8
39 1 8
39 2 8
39 3 8
39 4 8
40 1 8
40 2 8
40 3 8
40 4 8
41 1 8
41 2 8
41 3 8
41 4 8
42 1 8
42 2 8
42 3 8
42 4 8
43 1 8
43 2 8
43 3 8
43 4 8
44 1 8
44 2 8
44 3 8
44 4 8
45 1 8
45 2 8
45 3 8
45 4 8
46 1 8
46 2 8
46 3 8
46 4 8
47 1 8
47 2 8
47 3 8
47 4 8
48 1 8
48 2 8
48 3 8
48 4 8
49 1 8
49 2 8
49 3 8
49 4 8
50 1 8
50 2 8
50 3 8
50 4 8
51 1 8
51 2 8
51 3 8
51 4 8
52 1 8
52 2 8
52 3 8
52 4 8
53 1 8
53 2 8
53 3 8
53 4 8
54 1 8
54 2 8
54 3 8
54 4 8
55 1 8
55 2 8
55 3 8
55 4 8
56 1 8
56 2 8
56 3 8
56 4 8
57 1 8
57 2 8
57 3 8
57 4 8
58 1 8
58 2 8
58 3 8
58 4 8
59 1 8
59 2 8
59 3 8
59 4 8
60 1 8
60 2 8
60 3 8
60 4 8
61 1 8
61 2 8
61 3 8
61 4 8
62 1 8
62 2 8
62 3 8
62 4 8
63 1 8
63 2 8
63 3 8
63 4 8
64 1 8
64 2 8
64 3 8
64 4 8
64 5 8
65 1 8
65 2 8
65 3 8
65 4 8
65 5 8
66 1 8
66 2 8
66 3 8
66 4 8
66 5 8
67 1 8
67 2 8
67 3 8
67 4 8
67 5 8
68 1 8
68 2 8
68 3 8
68 4 8
68 5 8
69 1 8
69 2 8
69 3 8
69 4 8
69 5 8
70 1 8
70 2 8
70 3 8
70 4 8
70 5 8
71 1 8
71 2 8
71 3 8
71 4 8
71 5 8
72 1 8
72 2 8
72 3 8
72 4 8
72 5 8
73 1 8
73 2 8
73 3 8
73 4 8
73 5 8
time: 2800000000
32 1 9
32 2 9
32 3 9
32 4 9
33 1 9
33 2 9
33 3 9
33 4 9
34 1 9
34 2 9
34 3 9
34 4 9
35 1 9
35 2 9
35 3 9
35 4 9
36 1 9
36 2 9
36 3 9
36 4 9
37 1 9
37 2 9
37 3 9
37 4 9
38 1 9
38 2 9
38 3 9
38 4 9
39 1 9
39 2 9
39 3 9
39 4 9
40 1 9
40 2 9
40 3 9
40 4 9
41 1 9
41 2 9
41 3 9
41 4 9
42 1 9
42 2 9
42 3 9
42 4 9
43 1 9
43 2 9
43 3 9
43 4 9
44 1 9
44 2 9
44 3 9
44 4 9
45 1 9
45 2 9
45 3 9
45 4 9
46 1 9
46 2 9
46 3 9
46 4 9
47 1 9
47 2 9
47 3 9
47 4 9
48 1 9
48 2 9
48 3 9
48 4 9
49 1 9
49 2 9
49 3 9
49 4 9
50 1 9
50 2 9
50 3 9
50 4 9
51 1 9
51 2 9
51 3 9
51 4 9
52 1 9
52 2 9
52 3 9
52 4 9
53 1 9
53 2 9
53 3 9
53 4 9
54 1 9
54 2 9
54 3 9
54 4 9
55 1 9
55 2 9
55 3 9
55 4 9
56 1 9
56 2 9
56 3 9
56 4 9
57 1 9
57 2 9
57 3 9
57 4 9
58 1 9
58 2 9
58 3 9
58 4 9
59 1 9
59 2 9
59 3 9
59 4 9
60 1 9
60 2 9
60 3 9
60 4 9
61 1 9
61 2 9
61 3 9
61 4 9
62 1 9
62 2 9
62 3 9
62 4 9
63 1 9
63 2 9
63 3 9
63 4 9
64 1 9
64 2 9
64 3 9
64 4 9
64 5 9
65 1 9
65 2 9
65 3 9
65 4 9
65 5 9
66 1 9
66 2 9
66 3 9
66 4 9
66 5 9
67 1 9
67 2 9
67 3 9
67 4 9
67 5 9
68 1 9
68 2 9
68 3 9
68 4 9
68 5 9
69 1 9
69 2 9
69 3 9
69 4 9
69 5 9
70 1 9
70 2 9
70 3 9
70 4 9
70 5 9
71 1 9
71 2 9
71 3 9
71 4 9
71 5 9
72 1 9
72 2 9
72 3 9
72 4 9
72 5 9
73 1 9
73 2 9
73 3 9
73 4 9
73 5 9
time: 2900000000
32 1 10
32 2 10
32 3 10
32 4 10
33 1 10
33 2 10
33 3 10
33 4 10
34 1 10
34 2 10
34 3 10
34 4 10
35 1 10
35 2 10
35 3 10
35 4 10
36 1 10
36 2 10
36 3 10
36 4 10
37 1 10
37 2 10
37 3 10
37 4 10
38 1 10
38 2 10
38 3 10
38 4 10
39 1 10
39 2 10
39 3 10
39 4 10
40 1 10
40 2 10
40 3 10
40 4 10
41 1 10
41 2 10
41 3 10
41 4 10
42 1 10
42 2 10
42 3 10
42 4 10
43 1 10
43 2 10
43 3 10
43 4 10
44 1 10
44 2 10
44 3 10
44 4 10
45 1 10
45 2 10
45 3 10
45 4 10
46 1 10
46 2 10
46 3 10
46 4 10
47 1 10
47 2 10
47 3 10
47 4 10
48 1 10
48 2 10
48 3 10
48 4 10
49 1 10
49 2 10
49 3 10
49 4 10
50 1 10
50 2 10
50 3 10
50 4 10
51 1 10
51 2 10
51 3 10
51 4 10
52 1 10
52 2 10
52 3 10
52 4 10
53 1 10
53 2 10
53 3 10
53 4 10
54 1 10
54 2 10
54 3 10
54 4 10
55 1 10
55 2 10
55 3 10
55 4 10
56 1 10
56 2 10
56 3 10
56 4 10
57 1 10
57 2 10
57 3 10
57 4 10
58 1 10
58 2 10
58 3 10
58 4 10
59 1 10
59 2 10
59 3 10
59 4 10
60 1 10
60 2 10
60 3 10
60 4 10
61 1 10
61 2 10
61 3 10
61 4 10
62 1 10
62 2 10
62 3 10
62 4 10
63 1 10
63 2 10
63 3 10
63 4 10
64 1 10
64 2 10
64 3 10
64 4 10
64 5 10
65 1 10
65 2 10
65 3 10
65 4 10
65 5 10
66 1 10
66 2 10
66 3 10
66 4 10
66 5 10
67 1 10
67 2 10
67 3 10
67 4 10
67 5 10
68 1 10
68 2 10
68 3 10
68 4 10
68 5 10
69 1 10
69 2 10
69 3 10
69 4 10
69 5 10
70 1 10
70 2 10
70 3 10
70 4 10
70 5 10
71 1 10
71 2 10
71 3 10
71 4 10
71 5 10
72 1 10
72 2 10
72 3 10
72 4 10
72 5 10
73 1 10
73 2 10
73 3 10
73 4 10
73 5 10
time: 3000000000
32 1 11
32 2 11
32 3 11
32 4 11
33 1 11
33 2 11
33 3 11
33 4 11
34 1 11
34 2 11
34 3 11
34 4 11
35 1 11
35 2 11
35 3 11
35 4 11
36 1 11
36 2 11
36 3 11
36 4 11
37 1 11
37 2 11
37 3 11
37 4 11
38 1 11
38 2 11
38 3 11
38 4 11
39 1 11
39 2 11
39 3 11
39 4 11
40 1 11
40 2 11
40 3 11
40 4 11
41 1 11
41 2 11
41 3 11
41 4 11
42 1 11
42 2 11
42 3 11
42 4 11
43 1 11
43 2 11
43 3 11
43 4 11
44 1 11
44 2 11
44 3 11
44 4 11
45 1 11
45 2 11
45 3 11
45 4 11
46 1 11
46 2 11
46 3 11
46 4 11
47 1 11
47 2 11
47 3 11
47 4 11
48 1 11
48 2 11
48 3 11
48 4 11
49 1 11
49 2 11
49 3 11
49 4 11
50 1 11
50 2 11
50 3 11
50 4 11
51 1 11
51 2 11
51 3 11
51 4 11
52 1 11
52 2 11
52 3 11
52 4 11
53 1 11
53 2 11
53 3 11
53 4 11
54 1 11
54 2 11
54 3 11
54 4 11
55 1 11
55 2 11
55 3 11
55 4 11
56 1 11
56 2 11
56 3 11
56 4 11
57 1 11
57 2 11
57 3 11
57 4 11
58 1 11
58 2 11
58 3 11
58 4 11
59 1 11
59 2 11
59 3 11
59 4 11
60 1 11
60 2 11
60 3 11
60 4 11
61 1 11
61 2 11
61 3 11
61 4 11
62 1 11
62 2 11
62 3 11
62 4 11
63 1 11
63 2 11
63 3 11
63 4 11
64 1 11
64 2 11
64 3 11
64 4 11
64 5 11
65 1 11
65 2 11
65 3 11
65 4 11
65 5 11
66 1 11
66 2 11
66 3 11
66 4 11
66 5 11
67 1 11
67 2 11
67 3 11
67 4 11
67 5 11
68 1 11
68 2 11
68 3 11
68 4 11
68 5 11
69 1 11
69 2 11
69 3 11
69 4 11
69 5 11
70 1 11
70 2 11
70 3 11
70 4 11
70 5 11
71 1 11
71 2 11
71 3 11
71 4 11
71 5 11
72 1 11
72 2 11
72 3 11
72 4 11
72 5 11
73 1 11
73 2 11
73 3 11
73 4 11
73 5 11
